445237800,22.5798382613,113.9267614012,4,14,0.000000,273.713706,0,0,0.000000
445238000,22.5798382533,113.9267614175,4,14,0.000000,274.876601,5,-1,269.713013
445238200,22.5798382515,113.9267614209,4,14,0.000000,275.436229,2,2,269.596985
445238400,22.5798382428,113.9267614252,4,14,0.000000,275.885527,-1,4,269.571991
445238600,22.5798382527,113.9267614239,4,14,0.000000,275.831306,4,0,269.541992
445238800,22.5798382484,113.9267614216,4,14,0.000000,275.864678,2,3,269.550995
445239000,22.5798382632,113.9267614150,4,14,0.000000,275.680948,3,-9,269.566986
445239200,22.5798382732,113.9267614150,4,14,0.000000,275.431006,9,-1,269.613007
445239400,22.5798382627,113.9267614140,4,14,0.000000,274.880382,8,-2,269.613007
445239600,22.5798382584,113.9267614164,4,14,0.000000,275.221162,0,-5,269.621002
445239800,22.5798382713,113.9267614089,4,14,0.000000,275.329639,4,9,269.604004
445240000,22.5798382617,113.9267614055,4,14,0.000000,275.804395,7,-3,269.657013
445240200,22.5798382444,113.9267614160,4,14,0.000000,275.438869,0,0,269.682007
445240400,22.5798382572,113.9267614101,4,14,0.000000,276.168107,1,1,269.608002
445240600,22.5798382770,113.9267614255,4,14,0.000000,275.291301,5,-1,269.648987
445240800,22.5798382825,113.9267614397,4,14,0.000000,274.403581,16,-49,269.537994
445241000,22.5798382956,113.9267614549,4,14,0.000000,273.462330,2,-96,269.434998
445241200,22.5798383030,113.9267613848,4,14,272.231175,272.913262,6,-154,269.325989
445241400,22.5798383262,113.9267614225,4,13,270.668142,272.720687,4,-343,269.829010
445241600,22.5798382748,113.9267614799,4,14,268.260533,273.702829,-14,-461,269.556000
445241800,22.5798382043,113.9267615010,4,14,272.478024,275.957639,28,-647,269.148987
445242000,22.5798382706,113.9267614161,4,14,268.427570,276.347472,-21,-765,269.006989
445242200,22.5798383024,113.9267615165,4,14,272.093127,275.688046,36,-985,269.605988
445242400,22.5798383727,113.9267614582,4,14,269.450680,274.697993,-10,-1043,268.881989
445242600,22.5798382244,113.9267615722,4,14,268.118363,274.064916,-41,-1248,269.295013
445242800,22.5798382692,113.9267615649,4,14,266.423666,272.907163,-86,-1376,268.497986
445243000,22.5798382331,113.9267615739,4,13,271.056024,272.917503,28,-1519,268.540985
445243200,22.5798381593,113.9267616146,4,14,268.139538,271.189577,-56,-1724,268.484009
445243400,22.5798381724,113.9267616134,4,14,267.923627,272.299547,-67,-1848,268.212006
445243600,22.5798381985,113.9267616238,4,14,268.257258,271.291716,-60,-1972,268.217010
445243800,22.5798382912,113.9267617000,4,14,269.097994,272.105957,-33,-2096,268.138000
445244000,22.5798381930,113.9267616782,4,14,269.163625,272.663113,-32,-2192,267.567993
445244200,22.5798383017,113.9267617836,4,12,266.382244,273.749823,-147,-2325,267.753998
445244400,22.5798382824,113.9267617981,4,14,268.741487,274.284287,-52,-2367,266.964996
445244600,22.5798382830,113.9267617896,4,14,266.277020,272.528163,-163,-2505,266.868988
445244800,22.5798381718,113.9267617614,4,14,267.894486,271.633860,-95,-2584,266.929993
445245000,22.5798381171,113.9267617313,4,14,267.857922,270.708661,-102,-2727,267.174011
445245200,22.5798382773,113.9267616330,4,14,268.901423,271.470813,-54,-2816,267.404999
445245400,22.5798382567,113.9267616357,4,14,270.154124,271.075833,8,-2974,268.052002
445245600,22.5798381576,113.9267615935,4,14,269.387029,271.646607,-32,-2991,268.037994
445245800,22.5798382211,113.9267615686,4,13,268.943891,271.898645,-57,-3092,268.360992
445246000,22.5798382295,113.9267615454,4,12,271.109620,272.444885,62,-3201,268.523987
445246200,22.5798382846,113.9267615683,4,12,269.526347,271.589897,-27,-3266,268.687988
445246400,22.5798382287,113.9267615878,4,12,269.366640,271.728077,-37,-3347,268.513000
445246600,22.5798383035,113.9267616218,4,12,269.245048,272.652080,-45,-3415,268.385986
445246800,22.5798382504,113.9267616458,4,12,269.718897,273.252675,-17,-3465,268.125000
445247000,22.5798382662,113.9267616364,4,13,268.497663,274.606237,-93,-3546,267.967010
445247200,22.5798383303,113.9267616826,4,13,269.468305,274.166613,-33,-3556,268.029999
445247400,22.5798383397,113.9267617113,4,12,269.607784,274.632277,-25,-3652,267.681000
445247600,22.5798382935,113.9267616482,4,13,269.609389,273.462695,-25,-3667,267.471008
445247800,22.5798381576,113.9267617221,4,13,266.490462,273.814274,-226,-3685,267.938995
445248000,22.5798382790,113.9267616072,4,12,268.548837,273.467254,-97,-3829,267.454987
445248200,22.5798381830,113.9267616731,4,11,269.970527,274.213982,-2,-3888,268.235992
445248400,22.5798383358,113.9267615827,4,12,268.052424,274.012477,-130,-3823,267.792999
445248600,22.5798380847,113.9267616586,4,12,270.000000,274.520625,0,-3895,268.398987
445248800,22.5798382535,113.9267616296,4,13,267.585606,273.604982,-166,-3937,267.923004
445249000,22.5798381623,113.9267616298,4,13,269.170513,274.585212,-58,-4006,268.082001
445249200,22.5798381265,113.9267616277,4,12,268.598985,273.852004,-98,-4007,268.104004
445249400,22.5798383069,113.9267615873,4,11,268.418043,274.223186,-110,-3983,268.127991
445249600,22.5798381405,113.9267616061,4,11,270.658543,273.374838,47,-4089,268.372009
445249800,22.5798382334,113.9267615460,4,13,267.089633,273.823030,-209,-4111,268.276001
445250000,22.5798383262,113.9267616137,4,12,270.347496,274.404722,25,-4122,268.683014
445250200,22.5798382922,113.9267615437,4,12,269.875444,275.053061,-9,-4140,268.178009
445250400,22.5798382471,113.9267615774,4,13,268.632456,275.079966,-99,-4147,268.687988
445250600,22.5798384993,113.9267615142,4,12,269.059245,274.440319,-69,-4202,268.455994
445250800,22.5798381938,113.9267615635,4,12,269.986484,275.428938,-1,-4239,268.868011
445251000,22.5798382676,113.9267616137,4,12,267.480883,276.445526,-185,-4205,268.565002
445251200,22.5798383079,113.9267615311,4,12,270.930090,276.250371,67,-4127,268.192993
445251400,22.5798382707,113.9267615845,4,13,268.877770,275.267616,-82,-4186,268.776001
445251600,22.5798383030,113.9267615709,4,13,269.419365,274.254282,-43,-4243,268.399994
445251800,22.5798381658,113.9267615830,4,13,270.040539,273.377184,3,-4240,268.490997
445252000,22.5798382391,113.9267615477,4,13,268.569590,272.923564,-106,-4245,268.433014
445252200,22.5798383648,113.9267615729,4,12,270.600754,272.726423,46,-4387,268.670013
445252400,22.5798382209,113.9267616602,4,12,270.379263,273.265032,29,-4381,268.463989
445252600,22.5798383090,113.9267616962,4,12,268.566601,273.628704,-110,-4396,267.872986
445252800,22.5798382187,113.9267617425,4,12,269.227519,273.700259,-60,-4450,267.588989
445253000,22.5798382864,113.9267616741,4,12,267.960505,274.374830,-160,-4493,267.290009
445253200,22.5798381887,113.9267617141,4,12,267.779752,274.552755,-174,-4488,267.755005
445253400,22.5798382717,113.9267616869,4,12,269.095541,274.183747,-70,-4434,267.501007
445253600,22.5798382526,113.9267617192,4,12,267.856375,274.127466,-169,-4515,267.667999
445253800,22.5798382700,113.9267617063,4,12,268.429097,274.433405,-125,-4558,267.444000
445254000,22.5798382094,113.9267617289,4,12,267.800333,274.358042,-173,-4504,267.529999
445254200,22.5798382540,113.9267617682,4,12,267.703814,274.323736,-181,-4514,267.390015
445254400,22.5798382438,113.9267617174,4,12,268.072687,275.279174,-152,-4517,267.093994
445254600,22.5798381921,113.9267616750,4,12,268.536051,275.169041,-116,-4539,267.459991
445254800,22.5798381579,113.9267616604,4,12,267.529701,275.267616,-195,-4520,267.777008
445255000,22.5798381658,113.9267616501,4,12,269.069057,274.789705,-74,-4554,267.890015
445255200,22.5798382505,113.9267615914,4,12,269.302079,274.098401,-55,-4515,267.959991
445255400,22.5798381900,113.9267615536,4,12,269.120336,273.914927,-70,-4559,268.355988
445255600,22.5798381874,113.9267615363,4,12,269.513291,274.620548,-39,-4591,268.636993
445255800,22.5798382511,113.9267615166,4,13,269.739960,274.481840,-21,-4627,268.759003
445256000,22.5798382150,113.9267615665,4,13,270.185783,275.127434,15,-4626,268.889008
445256200,22.5798382399,113.9267616027,4,13,270.311117,274.843680,25,-4604,268.540009
445256400,22.5798382752,113.9267615495,4,13,269.887655,275.139777,-9,-4590,268.277008
445256600,22.5798382388,113.9267615845,4,13,269.641752,275.393355,-29,-4638,268.649994
445256800,22.5798382515,113.9267616406,4,13,269.568006,276.165878,-35,-4642,268.407013
445257000,22.5798381574,113.9267616098,4,13,269.974760,276.859028,-2,-4540,268.003998
445257200,22.5798381945,113.9267616308,4,13,268.123740,276.313701,-152,-4640,268.246002
445257400,22.5798382334,113.9267616491,4,13,269.022741,276.736595,-77,-4514,268.088989
445257600,22.5798380906,113.9267616627,4,13,267.699288,277.105551,-182,-4530,267.949005
445257800,22.5798382406,113.9267615897,4,13,269.772386,276.812648,-18,-4531,267.891998
445258000,22.5798382332,113.9267616033,4,13,268.677926,276.510333,-103,-4463,268.369995
445258200,22.5798381958,113.9267616152,4,13,269.624847,275.399704,-29,-4429,268.273987
445258400,22.5798382506,113.9267615742,4,13,269.096966,275.696725,-70,-4441,268.199005
445258600,22.5798382727,113.9267615575,4,13,269.105425,274.960465,-70,-4483,268.477997
445258800,22.5798382232,113.9267616004,4,13,269.844517,275.677785,-12,-4422,268.592987
445259000,22.5798381954,113.9267615898,4,13,268.572724,275.153548,-111,-4455,268.298004
445259200,22.5798382691,113.9267616154,4,13,269.733981,274.821499,-21,-4523,268.378998
445259400,22.5798382306,113.9267616206,4,13,268.780573,275.107013,-94,-4416,268.179993
445259600,22.5798382578,113.9267616061,4,13,269.278301,274.559078,-57,-4525,268.152008
445259800,22.5798382353,113.9267616600,4,13,268.804368,275.329876,-93,-4456,268.248993
445260000,22.5798382489,113.9267616470,4,13,268.982872,275.570786,-80,-4506,267.871002
445260200,22.5798382652,113.9267616544,4,13,268.418143,274.988523,-123,-4454,267.959015
445260400,22.5798382476,113.9267616828,4,13,268.865705,274.759611,-89,-4495,267.902008
445260600,22.5798382416,113.9267616672,4,13,268.293392,275.189025,-135,-4531,267.704987
445260800,22.5798382301,113.9267617014,4,13,269.414850,275.216656,-46,-4504,267.817993
445261000,22.5798381905,113.9267617265,4,13,268.540631,274.924349,-115,-4514,267.578003
445261200,22.5798382065,113.9267617158,4,13,268.191395,275.050951,-142,-4497,267.412994
445261400,22.5798382525,113.9267616844,4,13,269.068239,275.369200,-74,-4550,267.484009
445261600,22.5798382797,113.9267616776,4,13,268.177046,274.691860,-143,-4493,267.691986
445261800,22.5798382608,113.9267616480,4,13,268.884894,274.823764,-88,-4521,267.731995
445262000,22.5798382730,113.9267616426,4,13,268.017623,274.753624,-156,-4507,267.949005
445262200,22.5798382909,113.9267616468,4,13,268.284690,275.585593,-135,-4508,267.984009
445262400,22.5798382903,113.9267615879,4,13,268.955796,276.394428,-81,-4444,267.949005
445262600,22.5798382389,113.9267615906,4,13,268.441919,276.426277,-123,-4522,268.372009
445262800,22.5798382383,113.9267615996,4,13,268.750998,277.049601,-97,-4449,268.364014
445263000,22.5798382487,113.9267615573,4,13,270.091152,277.823026,7,-4400,268.299011
445263200,22.5798382943,113.9267614877,4,13,269.961085,277.410863,-3,-4417,268.598999
445263400,22.5798382375,113.9267614912,4,13,269.555450,276.780877,-34,-4382,269.089996
445263600,22.5798382330,113.9267614469,4,13,269.088523,277.603551,-69,-4337,269.071991
445263800,22.5798382051,113.9267612761,4,12,270.278004,277.893172,21,-4328,269.388000
445264000,22.5798381927,113.9267609914,4,13,269.908201,279.960552,-7,-4369,270.601990
445264200,22.5798382634,113.9267607317,4,12,273.449779,281.385238,260,-4313,272.615997
445264400,22.5798382807,113.9267604157,4,13,274.946730,283.207538,372,-4298,274.490997
445264600,22.5798382952,113.9267601194,4,13,277.437179,285.110701,554,-4244,276.744995
445264800,22.5798384075,113.9267598401,4,13,279.319050,286.888291,692,-4217,278.846008
445265000,22.5798383672,113.9267595414,4,13,281.909561,289.208530,874,-4144,280.955994
445265200,22.5798385443,113.9267592021,4,13,284.246490,291.242548,1041,-4100,282.970001
445265400,22.5798386276,113.9267587864,4,13,285.854024,293.213457,1153,-4060,285.644012
445265600,22.5798387904,113.9267582798,4,13,289.082162,294.103885,1382,-3995,288.670013
445265800,22.5798390121,113.9267577708,4,12,291.520996,299.354337,1545,-3918,292.484009
445266000,22.5798393355,113.9267572083,4,12,296.442494,302.598581,1862,-3744,296.484985
445266200,22.5798396362,113.9267567452,4,12,300.837657,306.987212,2157,-3613,301.197998
445266400,22.5798399331,113.9267563116,4,12,305.318641,310.316691,2426,-3424,305.239990
445266600,22.5798402579,113.9267559060,4,12,308.048453,314.240395,2571,-3285,309.096985
445266800,22.5798406560,113.9267554065,4,12,313.555707,317.955355,2803,-2948,312.929993
445267000,22.5798411807,113.9267549581,4,12,316.599467,320.868034,2945,-2785,317.609009
445267200,22.5798417186,113.9267545763,4,12,321.875509,324.228299,3248,-2549,322.740997
445267400,22.5798422233,113.9267542792,4,12,326.936155,329.287690,3424,-2229,327.687012
445267600,22.5798427195,113.9267540564,4,12,332.306944,333.341204,3500,-1837,332.112000
445267800,22.5798432049,113.9267538229,4,12,336.480339,337.814294,3674,-1599,336.253998
445268000,22.5798436101,113.9267536590,4,12,340.967228,341.347852,3696,-1275,340.355988
445268200,22.5798438322,113.9267535680,4,12,343.910841,343.904566,3682,-1062,343.684998
445268400,22.5798440727,113.9267535943,4,12,346.375685,346.824889,3672,-890,345.501007
445268600,22.5798442705,113.9267535312,4,12,348.561050,347.598223,3756,-760,347.257996
445268800,22.5798445102,113.9267534722,4,11,348.661264,349.408982,3825,-767,348.850006
445269000,22.5798446933,113.9267533821,4,11,350.895129,350.242935,3981,-638,350.747009
445269200,22.5798448793,113.9267533862,4,10,351.879647,351.979383,4114,-587,352.234985
445269400,22.5798449858,113.9267533991,4,11,354.502709,353.182010,4177,-402,353.648010
445269600,22.5798451028,113.9267533645,4,10,355.152685,354.519711,4363,-370,354.454987
445269800,22.5798451628,113.9267533354,4,11,356.285717,354.922390,4421,-287,355.373993
445270000,22.5798452255,113.9267533880,4,11,357.006619,356.292453,4494,-235,355.848999
445270200,22.5798452459,113.9267533705,4,12,356.400372,356.923631,4594,-289,356.304993
445270400,22.5798453744,113.9267532520,4,11,357.483811,356.389824,4574,-201,356.470001
445270600,22.5798454273,113.9267533848,4,11,356.753094,357.161419,4636,-263,357.496002
445270800,22.5798455826,113.9267533049,4,11,358.784817,358.100379,4620,-98,357.863007
445271000,22.5798456579,113.9267533380,4,11,357.519023,358.197963,4639,-201,359.072998
445271200,22.5798457951,113.9267533545,4,11,0.294262,359.742895,4673,24,359.648010
445271400,22.5798458895,113.9267533066,4,11,0.405997,359.855814,4657,33,0.705000
445271600,22.5798458633,113.9267534158,4,10,1.656401,1.503736,4703,136,1.423000
445271800,22.5798458251,113.9267535012,4,11,3.355872,1.331884,4758,279,1.239000
445272000,22.5798458326,113.9267532188,4,11,2.122420,1.178065,4803,178,0.953000
445272200,22.5798458213,113.9267535978,4,11,0.035144,0.792406,4891,3,0.977000
445272400,22.5798457303,113.9267534351,4,11,3.653485,0.584344,4808,307,0.935000
445272600,22.5798456857,113.9267534267,4,10,0.949235,0.270307,4768,79,0.207000
445272800,22.5798456568,113.9267533766,4,11,0.435440,359.991174,5000,38,359.859985
445273000,22.5798456655,113.9267534012,4,12,359.542394,359.657845,4883,-39,359.638000
445273200,22.5798456053,113.9267533112,4,11,0.627810,359.403709,4928,54,359.704010
445273400,22.5798456114,113.9267533795,4,12,0.244454,358.852993,4922,21,359.246002
445273600,22.5798456205,113.9267533288,4,12,359.360233,359.782838,5015,-56,359.286987
445273800,22.5798455352,113.9267533637,4,12,359.943584,358.865461,5078,-5,359.360992
445274000,22.5798455430,113.9267533716,4,12,359.586037,359.477069,5121,-37,358.700012
445274200,22.5798455330,113.9267533731,4,13,359.237575,358.863803,5185,-69,358.760010
445274400,22.5798455561,113.9267533894,4,12,359.480450,358.295578,5183,-47,358.682007
445274600,22.5798455491,113.9267533510,4,12,0.022135,357.985341,5177,2,358.858002
445274800,22.5798455933,113.9267532908,4,13,359.187579,359.524288,5289,-75,358.809998
445275000,22.5798455677,113.9267533725,4,13,359.581477,358.373210,5339,-39,359.156006
445275200,22.5798455967,113.9267533675,4,11,0.032474,359.036818,5293,3,358.950012
445275400,22.5798455678,113.9267533684,4,11,359.597485,359.392288,5409,-38,359.174011
445275600,22.5798455809,113.9267533537,4,12,359.249958,358.171339,5347,-70,358.951996
445275800,22.5798455647,113.9267533675,4,12,359.365521,359.296510,5418,-60,359.053986
445276000,22.5798455962,113.9267532930,4,12,359.978383,358.771136,5301,-2,358.927002
445276200,22.5798455903,113.9267533538,4,12,359.077684,359.809170,5342,-86,359.178009
445276400,22.5798455667,113.9267533629,4,13,0.129775,358.419186,5298,12,359.127014
445276600,22.5798455696,113.9267533868,4,13,0.166299,359.470748,5168,15,358.944000
445276800,22.5798455945,113.9267533473,4,12,359.870078,359.663802,5292,-12,358.962006
445277000,22.5798455604,113.9267533679,4,12,359.584512,359.289856,5378,-39,359.158997
445277200,22.5798455396,113.9267533543,4,13,0.528504,358.849192,5312,49,358.894012
445277400,22.5798455245,113.9267534109,4,12,358.756484,358.617174,5390,-117,358.735992
445277600,22.5798455189,113.9267533885,4,13,359.074740,358.341944,5325,-86,358.609985
445277800,22.5798455308,113.9267534121,4,13,359.047833,359.288233,5355,-89,358.570007
445278000,22.5798455154,113.9267533928,4,12,359.152804,0.157261,5410,-80,358.657990
445278200,22.5798455110,113.9267533810,4,12,359.481644,359.198366,5416,-49,358.541992
445278400,22.5798454900,113.9267533761,4,12,359.697237,358.980033,5488,-29,358.510986
445278600,22.5798454393,113.9267533594,4,12,359.138948,359.860616,5456,-82,358.348999
445278800,22.5798454440,113.9267534327,4,12,359.104664,359.335722,5503,-86,357.963013
445279000,22.5798453732,113.9267534095,4,11,358.955881,358.483811,5432,-99,357.980011
445279200,22.5798453814,113.9267534240,4,11,358.138984,358.499533,5509,-179,357.437988
445279400,22.5798453536,113.9267534741,4,11,358.203745,358.420833,5357,-168,357.496002
445279600,22.5798453441,113.9267534775,4,12,357.520527,357.549913,5427,-235,357.264008
445279800,22.5798453678,113.9267534162,4,11,358.795083,358.051466,5325,-112,357.187988
445280000,22.5798453507,113.9267533988,4,12,358.115105,358.000872,5348,-176,357.394012
445280200,22.5798453509,113.9267533778,4,12,357.125092,357.384120,5257,-264,357.266998
445280400,22.5798453039,113.9267534193,4,12,358.587573,357.462061,5313,-131,357.276001
445280600,22.5798453065,113.9267534747,4,12,357.923391,358.573059,5240,-190,356.897003
445280800,22.5798453315,113.9267533665,4,12,358.257325,357.973272,5226,-159,356.895996
445281000,22.5798453096,113.9267534845,4,11,357.837685,357.725065,5244,-198,357.130005
445281200,22.5798453511,113.9267534286,4,12,358.309469,358.496236,5184,-153,356.915985
445281400,22.5798454110,113.9267532867,4,12,357.407118,357.658533,5101,-231,357.260010
445281600,22.5798453772,113.9267533803,4,12,357.297812,358.441688,5191,-245,357.765015
445281800,22.5798453919,113.9267533953,4,12,359.180895,358.480856,5036,-72,357.477997
445282000,22.5798454046,113.9267533766,4,11,357.618775,357.880819,5050,-210,357.587006
445282200,22.5798453733,113.9267534217,4,12,358.085943,358.118433,5057,-169,357.690002
445282400,22.5798454168,113.9267534997,4,12,358.540916,357.752740,4986,-127,357.433990
445282600,22.5798454356,113.9267534536,4,12,358.822933,358.157945,5013,-103,357.748993
445282800,22.5798455488,113.9267533829,4,12,358.608658,358.001329,5023,-122,357.910004
445283000,22.5798455549,113.9267533950,4,12,358.714393,359.249248,4857,-109,358.802002
445283200,22.5798456188,113.9267533360,4,11,358.610505,359.050198,4906,-119,358.847992
445283400,22.5798456480,113.9267534417,4,11,0.069944,359.756389,4915,6,359.347992
445283600,22.5798457036,113.9267532675,4,11,0.423447,359.714043,4871,36,359.566010
445283800,22.5798457423,113.9267534345,4,11,0.631825,0.466534,4806,53,359.998993
445284000,22.5798457511,113.9267533866,4,12,1.206929,0.391256,4794,101,0.300000
445284200,22.5798457724,113.9267534064,4,12,1.098263,0.747567,4799,92,0.367000
445284400,22.5798457476,113.9267533574,4,12,1.341291,0.921760,4698,110,0.533000
445284600,22.5798456940,113.9267534933,4,12,0.525635,0.293879,4687,43,0.338000
445284800,22.5798456342,113.9267533165,4,12,1.905443,0.260049,4629,154,359.924011
445285000,22.5798455689,113.9267534214,4,12,359.848424,359.559899,4536,-12,359.467010
445285200,22.5798455230,113.9267534373,4,12,0.472348,358.962781,4488,37,358.953003
445285400,22.5798454841,113.9267534187,4,12,359.233330,357.820015,4409,-59,358.593994
445285600,22.5798454185,113.9267534034,4,11,357.564766,357.291229,4303,-183,358.295013
445285800,22.5798453885,113.9267533673,4,11,358.477458,355.294615,4289,-114,357.790009
445286000,22.5798453939,113.9267534312,4,10,357.955059,352.834784,4369,-156,357.569000
445286200,22.5798454284,113.9267533759,4,11,358.145304,355.244526,4169,-135,357.591003
445286400,22.5798454573,113.9267533594,4,10,358.895147,357.348610,4200,-81,357.873993
445286600,22.5798454116,113.9267533886,4,10,358.321785,7.147688,4164,-122,358.101013
445286800,22.5798454427,113.9267533697,4,10,358.470622,10.100695,4120,-110,357.740997
445287000,22.5798454449,113.9267533853,4,10,358.856468,12.948924,4108,-82,357.985992
445287200,22.5798454652,113.9267534009,4,10,358.162338,10.538002,4083,-131,357.998993
445287400,22.5798454765,113.9267533868,4,10,359.006121,2.010698,4035,-70,358.152008
445287600,22.5798454483,113.9267534112,4,11,358.811283,356.767116,4000,-83,358.243011
445287800,22.5798455009,113.9267533510,4,11,359.210654,353.395870,3992,-55,358.019012
445288000,22.5798454698,113.9267533867,4,11,358.697722,358.588763,4003,-91,358.437988
445288200,22.5798455137,113.9267533484,4,11,359.087862,9.223295,3957,-63,358.191010
445288400,22.5798454915,113.9267534184,4,10,358.932948,17.069028,3973,-74,358.537994
445288600,22.5798455489,113.9267534179,4,10,359.354606,18.345695,3906,-44,358.351990
445288800,22.5798455306,113.9267533551,4,10,359.258207,12.602951,3939,-51,358.798004
445289000,22.5798455725,113.9267533859,4,10,358.996753,358.572765,3826,-67,358.666992
445289200,22.5798455731,113.9267533860,4,10,359.699632,355.677023,3815,-20,358.984985
445289400,22.5798455581,113.9267533807,4,10,359.669595,357.563154,3815,-22,358.989990
445289600,22.5798455886,113.9267534143,4,10,359.605177,5.956068,3773,-26,358.875000
445289800,22.5798455806,113.9267534182,4,10,0.138247,14.588161,3730,9,359.105988
445290000,22.5798455976,113.9267533759,4,11,359.384932,20.230780,3726,-40,359.044006
445290200,22.5798455826,113.9267533714,4,10,359.734454,19.973024,3668,-17,359.181000
445290400,22.5798456101,113.9267533309,4,11,0.295096,17.177445,3689,19,359.065002
445290600,22.5798455775,113.9267533655,4,11,359.367558,9.849601,3986,-44,359.281006
445290800,22.5798455538,113.9267533792,4,11,0.608108,6.266186,3486,37,359.026001
445291000,22.5798455500,113.9267533886,4,11,0.083037,3.820488,3450,5,358.842010
445291200,22.5798455206,113.9267534030,4,10,359.921340,2.194444,3642,-5,358.811005
445291400,22.5798454906,113.9267534136,4,11,359.232478,2.153594,3583,-48,358.580994
445291600,22.5798455216,113.9267533346,4,11,0.080089,0.328873,3577,5,358.346008
445291800,22.5798454675,113.9267533418,4,11,357.662694,0.805912,3430,-140,358.600006
445292000,22.5798454274,113.9267534167,4,11,359.422186,359.726882,3173,-32,358.183990
445292200,22.5798454612,113.9267533712,4,9,358.668690,0.729621,2926,-68,357.855988
445292400,22.5798454308,113.9267533791,4,10,357.748541,359.981389,2747,-108,358.127991
445292600,22.5798454061,113.9267534115,4,10,359.210499,359.401299,2685,-37,357.891998
445292800,22.5798453944,113.9267533548,4,10,355.896858,359.893703,2091,-150,357.691986
445293000,22.5798453635,113.9267533600,4,10,0.378601,359.614382,3178,21,357.618011
445293200,22.5798453780,113.9267533628,4,11,355.753570,359.800093,2734,-203,357.378998
445293400,22.5798453094,113.9267535208,4,10,359.769086,359.391587,1985,-8,357.489014
445293600,22.5798453448,113.9267534657,4,9,3.697376,358.937020,2151,139,356.901001
445293800,22.5798439506,113.9267551936,4,10,350.644676,359.069658,2519,-415,357.197998
445294000,22.5798439262,113.9267552405,4,12,3.756453,359.151494,1980,130,342.981995
445294200,22.5798439125,113.9267552350,4,12,356.101173,358.844273,2333,-159,342.634003
445294400,22.5798439011,113.9267552168,4,13,357.981716,358.758556,2185,-77,342.523010
445294600,22.5798438879,113.9267552720,4,13,358.250855,359.253119,2194,-67,342.467987
445294800,22.5798438646,113.9267552572,4,12,356.885468,357.646826,2187,-119,342.196991
445295000,22.5798438397,113.9267552168,4,12,356.784814,358.538489,2154,-121,342.023987
445295200,22.5798438507,113.9267552079,4,13,358.178194,358.216660,2075,-66,341.908997
445295400,22.5798452467,113.9267533932,4,13,356.903725,358.326801,2089,-113,342.032990
445295600,22.5798452775,113.9267533663,4,13,356.308614,356.613045,2015,-130,356.466003
445295800,22.5798452476,113.9267533658,4,13,358.608805,357.577267,2100,-51,356.714996
445296000,22.5798453947,113.9267533469,4,13,356.792689,358.721894,1963,-110,356.484985
445296200,22.5798454405,113.9267533730,4,12,357.681822,358.157945,2075,-84,357.622986
445296400,22.5798455357,113.9267533264,4,12,1.131222,358.210021,2127,42,357.967987
445296600,22.5798456385,113.9267533486,4,12,0.759846,358.625624,2262,30,358.709991
445296800,22.5798456976,113.9267533450,4,12,357.270273,359.651893,2391,-114,359.497986
445297000,22.5798457589,113.9267533831,4,12,2.399131,0.104872,2530,106,359.953003
445297200,22.5798458075,113.9267533250,4,12,2.730712,1.707665,2474,118,0.427000
445297400,22.5798458778,113.9267533496,4,12,358.873667,1.525113,2594,-51,0.797000
445297600,22.5798459339,113.9267533579,4,13,3.541123,2.655217,2634,163,1.341000
445297800,22.5798459342,113.9267533373,4,12,3.031078,1.513290,2795,148,1.774000
445298000,22.5798459692,113.9267533314,4,13,2.321258,1.089535,2837,115,1.772000
445298200,22.5798459903,113.9267533351,4,13,2.994518,2.539848,2963,155,2.039000
445298400,22.5798460180,113.9267533195,4,13,3.841887,1.678104,3008,202,2.202000
445298600,22.5798460469,113.9267533274,4,13,2.649974,2.196962,2960,137,2.410000
445298800,22.5798460587,113.9267533410,4,13,2.527250,2.761057,2968,131,2.634000
445299000,22.5798460876,113.9267533442,4,12,3.807747,1.302270,3005,200,2.729000
445299200,22.5798461256,113.9267533640,4,13,3.947097,3.001810,3087,213,2.952000
445299400,22.5798461630,113.9267533512,4,13,3.895848,2.655311,3069,209,3.252000
445299600,22.5798462523,113.9267533841,4,13,3.547238,3.603610,3065,190,3.534000
445299800,22.5798464364,113.9267533906,4,13,5.695654,3.836554,3038,303,4.235000
445300000,22.5798465913,113.9267533963,4,12,5.013760,3.753010,3089,271,5.654000
445300200,22.5798467584,113.9267534649,4,13,8.241998,6.380096,3010,436,6.843000
445300400,22.5798469778,113.9267535835,4,13,9.627353,6.979052,3095,525,8.186000
445300600,22.5798473314,113.9267536027,4,12,10.766745,8.578271,3150,599,10.004000
445300800,22.5798477176,113.9267537388,4,12,10.986231,11.949224,3101,602,12.731000
445301000,22.5798481926,113.9267539493,4,12,18.220105,12.440447,3044,1002,15.882000
445301200,22.5798487054,113.9267541458,4,12,20.780261,17.466146,3020,1146,19.881001
445301400,22.5798492770,113.9267544227,4,12,24.781358,20.376123,2922,1349,24.132000
445301600,22.5798498440,113.9267547777,4,13,28.858877,25.357901,2789,1537,29.011999
445301800,22.5798503276,113.9267551584,4,13,34.816791,28.661220,2617,1820,34.108002
445302000,22.5798507922,113.9267555715,4,13,41.179153,33.431767,2396,2096,38.756001
445302200,22.5798511564,113.9267560086,4,13,43.286149,36.842055,2289,2156,43.424000
445302400,22.5798515378,113.9267563599,4,13,48.196983,41.786192,2096,2344,47.648998
445302600,22.5798517458,113.9267567249,4,13,52.557533,45.409792,1886,2463,51.479000
445302800,22.5798519854,113.9267570200,4,13,55.263289,48.625629,1739,2508,54.528000
445303000,22.5798521143,113.9267573028,4,13,58.254713,50.609542,1634,2641,57.310001
445303200,22.5798522812,113.9267574902,4,13,60.417263,53.305278,1493,2630,59.549999
445303400,22.5798523565,113.9267577195,4,13,63.895146,54.715379,1323,2700,61.344002
445303600,22.5798524481,113.9267579282,4,13,64.027758,58.015089,1344,2759,63.056000
445303800,22.5798525334,113.9267581670,4,13,65.277521,59.628609,1303,2830,64.702003
445304000,22.5798526236,113.9267583371,4,13,67.375996,62.281048,1229,2949,66.525002
445304200,22.5798527017,113.9267586468,4,13,68.775066,62.311215,1176,3028,67.912003
445304400,22.5798528370,113.9267589642,4,13,69.392690,64.688868,1151,3061,70.192001
445304600,22.5798529266,113.9267593087,4,13,72.720313,66.933745,997,3205,72.670998
445304800,22.5798529957,113.9267596849,4,13,76.654135,70.367592,762,3212,75.219002
445305000,22.5798530192,113.9267599232,4,13,77.339846,74.094640,757,3370,77.950996
445305200,22.5798530589,113.9267601781,4,13,82.848544,76.726516,435,3467,79.656998
445305400,22.5798530926,113.9267603246,4,13,81.060255,77.959060,549,3490,81.505997
445305600,22.5798531074,113.9267604593,4,13,83.267295,78.325735,429,3634,82.579002
445305800,22.5798531229,113.9267606363,4,13,83.675374,79.040474,403,3636,83.546997
445306000,22.5798531492,113.9267607293,4,13,84.499135,79.602788,357,3707,84.817001
445306200,22.5798531508,113.9267608940,4,13,87.164374,80.749087,185,3735,85.495003
445306400,22.5798531919,113.9267610370,4,13,85.562371,82.071323,297,3827,86.667000
445306600,22.5798531599,113.9267611556,4,14,88.478835,83.297987,102,3841,87.698997
445306800,22.5798531707,113.9267613273,4,14,88.849518,84.990348,78,3884,88.533997
445307000,22.5798531647,113.9267614369,4,14,90.274624,87.171267,-19,3964,89.760002
445307200,22.5798531602,113.9267615171,4,14,91.046840,91.651199,-73,3995,90.541000
445307400,22.5798531679,113.9267615013,4,14,92.409303,93.041652,-176,4183,91.113998
445307600,22.5798531729,113.9267613783,4,14,92.071812,92.825193,-154,4257,91.000000
445307800,22.5798531574,113.9267612618,4,14,91.753802,89.974746,-135,4409,90.124001
445308000,22.5798531625,113.9267611440,4,14,89.548353,87.325406,35,4440,89.292000
445308200,22.5798531545,113.9267611136,4,14,89.124734,85.888013,68,4451,88.452003
445308400,22.5798531550,113.9267610623,4,14,89.146214,86.991843,68,4563,88.234001
445308600,22.5798531371,113.9267610363,4,14,88.481762,87.536276,122,4603,87.867996
445308800,22.5798531303,113.9267609889,4,14,88.817932,88.557208,97,4701,87.677002
445309000,22.5798531512,113.9267609434,4,14,87.862555,88.218061,179,4796,87.335999
445309200,22.5798531256,113.9267609462,4,14,88.063544,86.929721,163,4821,87.019997
445309400,22.5798531321,113.9267609371,4,14,87.183305,86.370359,243,4939,87.028999
445309600,22.5798531343,113.9267609531,4,14,86.987812,85.675626,264,5017,86.966003
445309800,22.5798531471,113.9267609795,4,14,87.430041,86.024411,229,5102,87.082001
445310000,22.5798531465,113.9267610277,4,14,87.514302,85.679781,224,5160,87.275002
445310200,22.5798531403,113.9267610485,4,14,87.987586,85.603886,185,5265,87.619003
445310400,22.5798531512,113.9267610964,4,14,88.023205,85.473588,183,5302,87.765999
445310600,22.5798531535,113.9267611068,4,14,88.097257,86.770779,178,5358,88.110001
445310800,22.5798531574,113.9267611491,4,14,89.048681,88.265208,90,5420,88.184998
445311000,22.5798531471,113.9267611481,4,14,89.043273,88.537560,93,5569,88.487999
445311200,22.5798531521,113.9267611840,4,14,88.753068,87.799854,121,5559,88.478996
445311400,22.5798531353,113.9267611945,4,14,89.152196,87.492501,85,5744,88.736000
445311600,22.5798531513,113.9267611868,4,14,89.366979,86.234962,63,5702,88.807999
445311800,22.5798531458,113.9267612209,4,14,89.189311,84.719330,82,5795,88.755997
445312000,22.5798531692,113.9267612102,4,14,89.215447,81.966470,79,5769,88.999001
445312200,22.5798531549,113.9267612192,4,14,89.198090,82.414696,81,5787,88.925003
445312400,22.5798531452,113.9267612464,4,14,89.603427,84.933598,40,5779,88.987000
445312600,22.5798531588,113.9267612378,4,14,90.070474,87.085561,-7,5691,89.181000
445312800,22.5798531590,113.9267612793,4,14,89.534995,88.179830,47,5791,89.121002
445313000,22.5798531687,113.9267612633,4,14,89.747512,88.323858,26,5900,89.417000
445313200,22.5798531592,113.9267612692,4,14,89.703381,87.682592,31,5988,89.304001
445313400,22.5798531589,113.9267612694,4,14,90.240172,87.436648,-25,5964,89.345001
445313600,22.5798531642,113.9267612808,4,14,89.906196,86.507436,10,6108,89.346001
445313800,22.5798531681,113.9267612403,4,14,90.443852,85.343849,-47,6067,89.428001
445314000,22.5798531539,113.9267612184,4,14,90.113270,83.464965,-12,6070,89.139999
445314200,22.5798531656,113.9267612000,4,14,89.427718,82.607684,61,6107,88.982002
445314400,22.5798531777,113.9267611513,4,14,89.467120,81.517299,56,6021,88.851997
445314600,22.5798531638,113.9267611216,4,14,89.501788,80.766074,52,5980,88.508003
445314800,22.5798531671,113.9267610990,4,14,88.961318,80.760427,109,6012,88.292999
445315000,22.5798531594,113.9267611016,4,14,88.484900,80.718413,156,5898,88.133003
445315200,22.5798531521,113.9267610635,4,14,88.819609,81.145739,122,5921,88.150002
445315400,22.5798531272,113.9267610456,4,14,88.545307,81.150833,148,5828,87.875999
445315600,22.5798531342,113.9267609867,4,14,88.852472,82.313830,117,5841,87.739998
445315800,22.5798531509,113.9267609585,4,14,88.452365,82.828733,160,5922,87.321999
445316000,22.5798531614,113.9267609251,4,14,87.644162,81.889577,241,5858,87.126999
445316200,22.5798531416,113.9267609195,4,14,87.175776,79.800328,288,5838,86.892998
445316400,22.5798531430,113.9267608983,4,14,87.326691,78.962317,271,5804,86.845001
445316600,22.5798531484,113.9267608972,4,14,87.347761,79.876381,269,5807,86.694000
445316800,22.5798531421,113.9267608420,4,14,87.056069,80.302749,292,5678,86.689003
445317000,22.5798531430,113.9267608365,4,14,87.164321,79.451313,286,5774,86.292999
445317200,22.5798531474,113.9267608247,4,13,86.522047,79.404420,346,5693,86.253998
445317400,22.5798531471,113.9267608757,4,13,86.441213,78.996462,354,5692,86.172997
445317600,22.5798531540,113.9267609140,4,13,87.162383,79.105308,280,5649,86.535004
445317800,22.5798531398,113.9267609688,4,13,88.245763,79.304802,172,5616,86.810997
445318000,22.5798531575,113.9267609970,4,13,88.259672,79.509159,171,5628,87.195999
445318200,22.5798531556,113.9267610288,4,13,87.942416,79.947353,199,5539,87.403999
445318400,22.5798531661,113.9267611164,4,13,88.141740,80.116704,180,5548,87.629997
445318600,22.5798531600,113.9267611723,4,13,88.197071,80.629573,173,5496,88.257004
445318800,22.5798531617,113.9267612336,4,13,88.938505,81.257012,101,5451,88.653999
445319000,22.5798531485,113.9267612805,4,13,89.556019,82.768949,42,5420,89.091003
445319200,22.5798531629,113.9267612755,4,13,90.073335,82.439699,-7,5469,89.425003
445319400,22.5798531788,113.9267612629,4,13,90.847890,83.835377,-79,5338,89.389999
445319600,22.5798531598,113.9267612710,4,13,90.160163,84.658506,-15,5366,89.302002
445319800,22.5798531726,113.9267612721,4,13,89.882896,84.875026,11,5382,89.358002
445320000,22.5798531505,113.9267612408,4,13,89.829572,85.342401,16,5379,89.366997
445320200,22.5798531585,113.9267612240,4,13,90.769095,83.627793,-73,5438,89.140999
445320400,22.5798531546,113.9267612340,4,13,89.358536,82.805503,60,5359,89.022003
445320600,22.5798531540,113.9267611747,4,13,89.385648,81.284462,58,5409,89.094002
445320800,22.5798531266,113.9267611430,4,13,89.870883,80.871241,12,5325,88.669998
445321000,22.5798531383,113.9267611537,4,13,89.230029,81.812958,71,5283,88.438004
445321200,22.5798531223,113.9267611076,4,13,88.841464,80.969230,107,5291,88.516998
445321400,22.5798531272,113.9267610905,4,13,88.555047,81.013904,132,5233,88.182999
445321600,22.5798531272,113.9267610616,4,13,88.431102,80.264584,141,5148,88.061996
445321800,22.5798531425,113.9267609517,4,12,88.043174,78.872375,175,5122,87.855003
445322000,22.5798531359,113.9267609627,4,13,88.343422,78.309052,149,5152,87.074997
445322200,22.5798531498,113.9267608937,4,12,88.389790,78.256725,143,5087,87.151001
445322400,22.5798531512,113.9267608957,4,12,86.782484,77.808824,284,5052,86.665001
445322600,22.5798531458,113.9267608777,4,12,87.843867,78.053698,189,5020,86.680000
445322800,22.5798531489,113.9267608880,4,12,87.184254,78.437893,244,4961,86.549004
445323000,22.5798531549,113.9267609153,4,12,86.515539,78.405649,305,5009,86.624001
445323200,22.5798531652,113.9267609289,4,12,87.348122,78.242456,227,4901,86.820999
445323400,22.5798531456,113.9267610253,4,12,87.287091,78.366385,231,4875,86.921997
445323600,22.5798531654,113.9267611037,4,12,87.987575,79.010113,172,4895,87.600998
445323800,22.5798531606,113.9267611946,4,11,88.310419,80.252335,142,4814,88.166000
445324000,22.5798531753,113.9267612792,4,12,89.573312,80.605784,36,4834,88.813004
445324200,22.5798531780,113.9267614123,4,11,89.868286,81.051145,11,4785,89.417000
445324400,22.5798531655,113.9267615928,4,12,90.460977,81.259360,-38,4723,90.364998
445324600,22.5798531481,113.9267618446,4,11,92.769437,82.668367,-229,4734,91.653000
445324800,22.5798531334,113.9267621263,4,12,93.135858,84.932434,-257,4691,93.452003
445325000,22.5798530930,113.9267624458,4,11,96.588961,87.006848,-537,4649,95.463997
445325200,22.5798530380,113.9267627834,4,11,98.055333,89.363394,-653,4614,97.763000
445325400,22.5798530044,113.9267630613,4,11,100.812649,91.010553,-869,4550,100.209999
445325600,22.5798529274,113.9267633685,4,11,102.797641,92.842820,-1019,4486,102.204002
445325800,22.5798528536,113.9267636779,4,11,104.942091,93.985799,-1159,4343,104.471001
445326000,22.5798527832,113.9267639360,4,12,106.977255,96.468383,-1343,4399,106.748001
445326200,22.5798526428,113.9267642515,4,11,108.848674,98.808024,-1429,4186,108.664001
445326400,22.5798524846,113.9267647056,4,11,111.562777,102.924399,-1655,4188,111.148003
445326600,22.5798522762,113.9267651106,4,11,114.154509,105.191038,-1810,4036,114.610001
445326800,22.5798520862,113.9267654920,4,11,118.813052,109.598062,-2143,3896,117.915001
445327000,22.5798518116,113.9267659036,4,11,120.968207,111.537231,-2272,3786,121.009003
445327200,22.5798515615,113.9267663069,4,11,124.705986,115.573481,-2476,3575,124.632004
445327400,22.5798513020,113.9267666684,4,11,127.438242,117.298482,-2623,3426,128.098999
445327600,22.5798509822,113.9267669999,4,11,130.605658,122.480275,-2781,3244,131.360992
445327800,22.5798506310,113.9267674117,4,11,135.189344,124.051372,-3036,3016,134.770996
445328000,22.5798502854,113.9267676537,4,11,138.372051,128.294290,-3181,2827,138.751999
445328200,22.5798498934,113.9267679950,4,11,142.618546,132.940442,-3293,2516,141.901993
445328400,22.5798495146,113.9267682314,4,11,145.527786,138.938658,-3417,2346,145.781998
445328600,22.5798490484,113.9267685155,4,11,149.422965,142.538695,-3522,2081,149.149994
445328800,22.5798485643,113.9267687270,4,11,153.409461,147.786266,-3596,1800,153.279007
445329000,22.5798480633,113.9267688869,4,11,157.773128,152.125320,-3727,1523,157.306000
445329200,22.5798476387,113.9267690174,4,11,162.311384,158.018947,-3747,1195,161.343994
445329400,22.5798472340,113.9267691214,4,11,166.504838,162.075075,-3796,911,164.776001
445329600,22.5798469741,113.9267691425,4,11,168.951349,166.664327,-3841,750,168.011993
445329800,22.5798467326,113.9267692519,4,11,171.188548,168.910337,-3890,603,170.029007
445330000,22.5798465508,113.9267691957,4,11,172.675223,171.526008,-3952,508,172.007004
445330200,22.5798463129,113.9267693040,4,11,174.211707,173.377445,-4015,407,173.358994
445330400,22.5798461633,113.9267692329,4,11,176.265582,175.254552,-4106,268,175.278000
445330600,22.5798460317,113.9267692365,4,11,177.262570,175.847509,-4162,199,176.401993
445330800,22.5798459592,113.9267692124,4,11,178.097637,176.340008,-4215,140,177.432007
445331000,22.5798459169,113.9267691921,4,11,178.663430,177.524263,-4286,100,177.992996
445331200,22.5798458705,113.9267692590,4,10,179.418068,178.187387,-4332,44,178.320999
445331400,22.5798458481,113.9267692085,4,11,179.439317,179.663413,-4394,43,178.697006
445331600,22.5798458707,113.9267692421,4,10,180.090413,180.517866,-4436,-7,178.863998
445331800,22.5798458432,113.9267691922,4,10,179.096075,178.820568,-4500,71,178.692993
445332000,22.5798458907,113.9267692153,4,11,181.049441,178.692800,-4531,-83,178.901001
445332200,22.5798459158,113.9267691610,4,10,179.183185,177.643053,-4489,64,178.531998
445332400,22.5798459023,113.9267691459,4,11,180.291032,177.294136,-4528,-23,178.322006
445332600,22.5798459622,113.9267691712,4,11,179.084449,178.175073,-4568,73,178.425995
445332800,22.5798459677,113.9267691136,4,11,179.839196,177.914282,-4632,13,177.957993
445333000,22.5798459823,113.9267692244,4,11,179.365440,176.925551,-4695,52,177.899002
445333200,22.5798459977,113.9267692861,4,11,179.217520,176.810048,-4686,64,177.815002
445333400,22.5798460120,113.9267692824,4,11,178.735344,176.032245,-4711,104,177.712006
445333600,22.5798460553,113.9267692925,4,11,178.845979,176.512408,-4716,95,177.600006
445333800,22.5798460521,113.9267692421,4,11,178.444291,176.131389,-4713,128,177.266998
445334000,22.5798460859,113.9267692347,4,11,179.078886,176.412100,-4727,76,177.274994
445334200,22.5798460581,113.9267692934,4,11,177.836847,175.769347,-4686,177,177.007004
445334400,22.5798460283,113.9267692967,4,11,177.821520,176.267076,-4653,177,177.246002
445334600,22.5798460411,113.9267692950,4,11,177.929232,177.391917,-4674,169,177.477997
445334800,22.5798460530,113.9267692545,4,11,178.490286,177.809808,-4629,122,177.378006
445335000,22.5798460201,113.9267692648,4,11,177.641661,179.022969,-4662,192,177.272003
445335200,22.5798460231,113.9267692954,4,10,178.359928,179.542260,-4680,134,177.531998
445335400,22.5798460272,113.9267692993,4,10,177.759713,179.933498,-4729,185,177.518005
445335600,22.5798460067,113.9267693294,4,11,177.696662,180.177093,-4674,188,177.487000
445335800,22.5798460154,113.9267693687,4,10,178.269612,179.367785,-4568,138,177.654999
445336000,22.5798460204,113.9267693543,4,11,178.386805,178.433168,-4687,132,177.600006
445336200,22.5798459923,113.9267693019,4,11,180.063366,178.587804,-4521,-5,177.557007
445336400,22.5798459406,113.9267692019,4,11,179.477447,177.945096,-4605,42,177.757996
445336600,22.5798459067,113.9267691396,4,11,180.470439,178.127935,-4628,-38,178.136993
445336800,22.5798459044,113.9267693138,4,11,178.292807,177.443138,-4563,136,178.389999
445337000,22.5798458406,113.9267690699,4,11,178.548172,177.492559,-4498,114,178.442993
445337200,22.5798458940,113.9267691764,4,11,180.424128,178.260161,-4593,-34,178.904007
445337400,22.5798458138,113.9267692201,4,11,176.971904,178.931828,-4518,239,178.498001
445337600,22.5798458592,113.9267692083,4,11,177.135714,180.052213,-4557,228,179.136002
445337800,22.5798457351,113.9267691028,4,11,180.361320,179.273189,-4440,-28,178.776993
445338000,22.5798457637,113.9267691848,4,11,180.589205,179.869472,-4473,-46,179.750000
445338200,22.5798457471,113.9267691782,4,10,179.202132,180.478146,-4452,62,179.526993
445338400,22.5798457712,113.9267693470,4,10,179.845772,180.427270,-4458,12,179.656998
445338600,22.5798457643,113.9267693022,4,10,180.261324,181.221223,-4385,-20,179.477997
445338800,22.5798457630,113.9267693175,4,10,179.973962,181.406046,-4401,2,179.529007
445339000,22.5798458086,113.9267693998,4,9,180.503744,180.749313,-4322,-38,179.539993
445339200,22.5798457683,113.9267692991,4,9,179.507917,179.919603,-4308,37,179.195007
445339400,22.5798457638,113.9267693055,4,10,180.255903,180.862131,-4254,-19,179.498001
445339600,22.5798457681,113.9267692952,4,10,180.741608,179.274072,-4249,-55,179.533005
445339800,22.5798458207,113.9267692638,4,9,179.944974,179.811535,-4165,4,179.498993
445340000,22.5798457755,113.9267692823,4,10,180.456806,180.160317,-4139,-33,179.087006
445340200,22.5798458041,113.9267692879,4,10,180.361045,179.839918,-4126,-26,179.440994
445340400,22.5798457796,113.9267692556,4,10,180.897845,180.739584,-4020,-63,179.218002
445340600,22.5798457937,113.9267693091,4,10,181.269141,179.639365,-3927,-87,179.406998
445340800,22.5798457959,113.9267693032,4,10,179.308241,180.660901,-3727,45,179.300995
445341000,22.5798457982,113.9267693398,4,10,180.581747,181.183336,-3447,-35,179.283997
445341200,22.5798458207,113.9267692630,4,11,180.551611,181.319787,-3116,-30,179.268997
445341400,22.5798458120,113.9267692921,4,11,179.274513,180.543407,-2764,35,179.087006
445341600,22.5798458118,113.9267693222,4,11,181.180216,180.856014,-2427,-50,179.156998
445341800,22.5798458246,113.9267693030,4,11,178.580213,180.136378,-1977,49,179.162003
445342000,22.5798457885,113.9267692950,4,11,177.664230,178.310942,-760,31,179.061005
445342200,22.5798458081,113.9267692635,4,11,183.018351,178.989031,-1081,-57,179.339996
445342400,22.5798458225,113.9267692732,4,11,177.607961,180.078568,-1173,49,179.184998
445342600,22.5798458117,113.9267692672,4,11,181.126246,181.329460,-1526,-30,179.074005
445342800,22.5798458121,113.9267693493,4,11,181.006768,180.949731,-1195,-21,179.156998
445343000,22.5798458292,113.9267693060,4,11,175.661733,180.651495,-1305,99,179.162994
445343200,22.5798458287,113.9267693267,4,11,180.145544,179.496750,-1181,-3,179.024994
445343400,22.5798458231,113.9267692852,4,11,178.517988,176.936411,-889,23,179.031006
445343600,22.5798458278,113.9267692730,4,11,183.293150,177.142206,-1008,-58,179.070007
445343800,22.5798458463,113.9267692825,4,11,177.996112,177.232080,-886,31,179.031998
445344000,22.5798458291,113.9267692431,4,11,185.412197,180.313429,-1826,-173,178.889008
445344200,22.5798458806,113.9267692609,4,11,174.729329,179.510295,-1355,125,179.018005
445344400,22.5798458614,113.9267692801,4,11,182.833020,178.622199,-1556,-77,178.617996
445344600,22.5798458448,113.9267693244,4,11,178.766549,179.923961,-1672,36,178.772003
445344800,22.5798459033,113.9267692342,4,11,180.252264,180.498388,-1817,-8,178.906006
445345000,22.5798458585,113.9267692778,4,11,180.326722,181.629130,-1929,-11,178.436005
445345200,22.5798459552,113.9267692738,4,11,178.324409,179.505356,-2222,65,178.794006
445345400,22.5798458726,113.9267692648,4,11,180.569227,179.071277,-2315,-23,178.039993
445345600,22.5798459557,113.9267692162,4,11,179.548684,178.647723,-2539,20,178.681000
445345800,22.5798459486,113.9267692621,4,11,178.563486,178.986895,-2592,65,178.020996
445346000,22.5798459706,113.9267692449,4,11,179.690519,178.641873,-2777,15,178.087997
445346200,22.5798459695,113.9267692648,4,11,178.731443,178.068764,-2845,63,177.912003
445346400,22.5798459752,113.9267692233,4,11,178.764287,178.925092,-2967,64,177.925995
445346600,22.5798460079,113.9267692674,4,11,177.923111,179.600918,-3116,113,177.869995
445346800,22.5798459971,113.9267692298,4,11,178.784449,179.107115,-3299,70,177.628006
445347000,22.5798460417,113.9267692256,4,11,178.449168,177.520892,-3472,94,177.699997
445347200,22.5798460652,113.9267692293,4,11,178.310161,177.229367,-3593,106,177.350006
445347400,22.5798460882,113.9267692524,4,11,178.817386,177.898068,-3730,77,177.167999
445347600,22.5798461026,113.9267692373,4,11,177.770918,177.690102,-3905,152,176.996994
445347800,22.5798461177,113.9267692603,4,11,178.523994,178.606938,-4075,105,176.878006
445348000,22.5798461430,113.9267693062,4,11,177.877403,176.822073,-4236,157,176.770004
445348200,22.5798461733,113.9267691798,4,11,177.326041,177.665732,-4368,204,176.593002
445348400,22.5798461815,113.9267692619,4,11,178.471116,177.864888,-4496,120,176.300003
445348600,22.5798461876,113.9267692082,4,11,177.353655,177.820668,-4630,214,176.274002
445348800,22.5798462101,113.9267692082,4,11,176.494758,178.165973,-4767,292,176.201004
445349000,22.5798461537,113.9267692219,4,11,176.839063,177.991459,-4871,269,176.024994
445349200,22.5798461074,113.9267692491,4,11,177.059934,177.460370,-5004,257,176.472000
445349400,22.5798460514,113.9267692078,4,11,177.212347,177.108242,-4970,242,176.845001
445349600,22.5798459566,113.9267692130,4,11,178.267465,177.442596,-4926,149,177.268005
445349800,22.5798458431,113.9267692820,4,11,179.285304,177.532999,-4890,61,178.013000
445350000,22.5798457498,113.9267692772,4,11,178.824385,178.828305,-4873,100,178.914993
445350200,22.5798456591,113.9267692680,4,11,180.489492,178.734405,-4799,-41,179.639999
445350400,22.5798456249,113.9267692400,4,11,181.206929,179.738552,-4794,-101,180.347000
445350600,22.5798456080,113.9267693065,4,11,182.093016,179.296308,-4679,-171,180.617004
445350800,22.5798456489,113.9267692822,4,11,181.298613,179.958175,-4676,-106,180.742996
445351000,22.5798457180,113.9267692674,4,10,181.582690,180.010887,-4705,-130,180.425995
445351200,22.5798458105,113.9267692576,4,11,181.009352,180.095417,-4711,-83,179.888000
445351400,22.5798458666,113.9267692971,4,11,180.282301,179.716547,-4871,-24,179.164993
445351600,22.5798459275,113.9267692800,4,11,179.811799,178.722750,-4871,16,178.733994
445351800,22.5798459772,113.9267692695,4,11,179.445654,177.464344,-4961,48,178.255997
445352000,22.5798460232,113.9267692324,4,11,178.780626,176.477320,-4886,104,177.867004
445352200,22.5798459995,113.9267692460,4,10,179.126944,175.703751,-4856,74,177.496994
445352400,22.5798460495,113.9267692151,4,10,178.285281,175.097753,-4877,146,177.686996
445352600,22.5798460662,113.9267692121,4,11,178.663341,174.905725,-4800,112,177.285004
445352800,22.5798460639,113.9267691993,4,11,178.371846,174.636942,-4855,138,177.154007
445353000,22.5798460767,113.9267692066,4,11,178.506984,174.281032,-4911,128,177.167007
445353200,22.5798460879,113.9267692424,4,11,178.093558,174.911255,-4927,164,177.069000
445353400,22.5798460922,113.9267692743,4,11,177.906838,174.377002,-5007,183,176.994995
445353600,22.5798461196,113.9267692408,4,11,177.960253,174.651304,-5054,180,176.973999
445353800,22.5798461515,113.9267692016,4,11,177.773518,173.946807,-5067,197,176.746994
445354000,22.5798461675,113.9267691988,4,11,177.707155,174.299704,-5120,205,176.479996
445354200,22.5798461672,113.9267692043,4,11,177.395929,172.335452,-5167,235,176.354004
445354400,22.5798461347,113.9267692573,4,11,177.775507,173.304495,-5226,203,176.358994
445354600,22.5798461331,113.9267692328,4,11,177.499396,172.611294,-5175,226,176.636002
445354800,22.5798461037,113.9267692615,4,11,177.124000,172.556397,-5255,264,176.638000
445355000,22.5798461097,113.9267692472,4,11,177.924578,172.614056,-5243,190,176.878998
445355200,22.5798461313,113.9267691839,4,11,177.323465,172.469237,-5305,248,176.826996
445355400,22.5798461038,113.9267692010,4,11,177.831804,172.625913,-5309,201,176.630997
445355600,22.5798460591,113.9267693006,4,9,178.032640,173.011609,-5211,179,176.854004
445355800,22.5798460712,113.9267693142,4,10,177.439303,173.502718,-5277,236,177.240005
445356000,22.5798460336,113.9267693275,4,10,178.481275,173.037943,-5205,138,177.151001
445356200,22.5798460277,113.9267693258,4,11,178.156634,174.241003,-5220,168,177.445999
445356400,22.5798460286,113.9267693043,4,11,178.388636,173.533392,-5190,146,177.492004
445356600,22.5798459822,113.9267692817,4,11,178.641683,175.098088,-5103,121,177.477997
445356800,22.5798459573,113.9267692862,4,10,178.484592,174.608825,-5103,135,177.830994
445357000,22.5798459610,113.9267693029,4,11,178.874022,174.610653,-5037,99,178.026993
445357200,22.5798459680,113.9267693027,4,11,179.057039,174.222497,-4982,82,178.001999
445357400,22.5798459196,113.9267693382,4,11,178.491963,175.292447,-5014,132,177.947998
445357600,22.5798459204,113.9267693033,4,11,178.757946,175.585751,-4889,106,178.330994
445357800,22.5798458770,113.9267693410,4,10,179.263831,175.774057,-4903,63,178.317001
445358000,22.5798458759,113.9267692598,4,11,179.067580,175.770479,-4854,79,178.660004
445358200,22.5798459052,113.9267693035,4,11,179.833027,174.710630,-4804,14,178.654999
445358400,22.5798459455,113.9267693080,4,11,179.310160,174.611313,-4734,57,178.434998
445358600,22.5798460295,113.9267693086,4,11,178.740283,173.746516,-4684,103,178.123001
445358800,22.5798461371,113.9267693215,4,11,177.687438,173.942426,-4482,181,177.472000
445359000,22.5798463021,113.9267692642,4,11,177.850531,172.636678,-4556,171,176.645004
445359200,22.5798464677,113.9267693132,4,11,176.866498,170.502586,-4384,240,175.339005
445359400,22.5798467350,113.9267692469,4,11,174.882096,169.486690,-4321,387,174.093002
445359600,22.5798469370,113.9267692781,4,11,173.674929,167.232733,-4159,461,171.983994
445359800,22.5798471684,113.9267692289,4,11,170.061699,165.814852,-4035,707,170.477005
445360000,22.5798473446,113.9267691562,4,11,169.968928,163.826162,-3963,701,168.664001
445360200,22.5798475767,113.9267691063,4,11,166.759480,160.468346,-3859,908,167.227997
445360400,22.5798477904,113.9267690081,4,11,167.867983,158.750425,-3675,790,165.404007
445360600,22.5798480382,113.9267689124,4,11,163.895682,155.713555,-3616,1044,163.625000
445360800,22.5798482544,113.9267689217,4,11,162.743975,155.024164,-3464,1076,161.587006
445361000,22.5798485758,113.9267687128,4,11,160.228341,152.490004,-3355,1206,160.035004
445361200,22.5798487960,113.9267685895,4,11,158.780053,151.400896,-3258,1265,157.184006
445361400,22.5798491309,113.9267684304,4,11,155.599188,148.742413,-3203,1453,155.266006
445361600,22.5798494155,113.9267682699,4,11,153.650234,148.230725,-3093,1532,152.432999
445361800,22.5798497084,113.9267681471,4,11,150.511589,145.439646,-3015,1705,149.949005
445362000,22.5798499338,113.9267681963,4,10,147.636304,144.037947,-2935,1860,147.565002
445362200,22.5798502168,113.9267679901,4,9,145.979258,140.143767,-2828,1909,146.320007
445362400,22.5798504808,113.9267677905,4,11,142.493358,136.499892,-2684,2060,143.753998
445362600,22.5798506420,113.9267675660,4,10,139.742726,131.427158,-2578,2183,141.337006
445362800,22.5798507793,113.9267674166,4,10,138.541398,129.325626,-2548,2251,139.403000
445363000,22.5798509249,113.9267672499,4,11,136.972337,128.257672,-2358,2201,137.932007
445363200,22.5798510386,113.9267672019,4,11,136.683162,128.041339,-2277,2147,136.326004
445363400,22.5798510994,113.9267670359,4,10,134.910375,130.569167,-2234,2241,135.475006
445363600,22.5798512452,113.9267669366,4,10,130.546625,129.391213,-2143,2505,134.324005
445363800,22.5798514092,113.9267667410,4,10,133.418837,128.222637,-2325,2457,133.057007
445364000,22.5798515813,113.9267663786,4,10,129.637895,123.675128,-2177,2628,131.207993
445364200,22.5798518291,113.9267660557,4,10,128.155327,122.127151,-2093,2664,128.406998
445364400,22.5798520016,113.9267657902,4,10,125.764345,118.752340,-1975,2742,125.441002
445364600,22.5798521823,113.9267653892,4,10,122.829437,116.478360,-1882,2917,123.148003
445364800,22.5798523919,113.9267649912,4,10,120.552813,113.824625,-1726,2924,120.002998
445365000,22.5798525671,113.9267645891,4,11,118.844532,108.902050,-1687,3063,116.750000
445365200,22.5798527109,113.9267641875,4,11,114.130447,105.666446,-1416,3161,113.595001
445365400,22.5798528572,113.9267637597,4,11,112.009703,101.245093,-1340,3315,110.535004
445365600,22.5798529134,113.9267634016,4,11,107.807927,99.064602,-1087,3384,107.295998
445365800,22.5798530116,113.9267630387,4,11,105.342925,96.549181,-954,3477,104.726997
445366000,22.5798530188,113.9267627932,4,11,103.132491,93.444391,-828,3549,102.035004
445366200,22.5798530274,113.9267625269,4,11,101.261571,91.326438,-726,3646,100.305000
445366400,22.5798530686,113.9267622596,4,11,100.792951,89.119453,-696,3651,98.408997
445366600,22.5798531373,113.9267619536,4,11,98.178750,87.323913,-545,3792,96.464996
445366800,22.5798531307,113.9267618217,4,11,96.800231,84.045159,-456,3824,94.234001
445367000,22.5798530534,113.9267616830,4,10,95.550545,83.449312,-379,3900,93.296997
445367200,22.5798530000,113.9267617224,4,9,92.865929,85.488557,-203,4055,92.330002
445367400,22.5798530613,113.9267616152,4,9,91.558877,88.223770,-110,4042,92.634003
445367600,22.5798530301,113.9267615930,4,9,91.014594,89.780698,-73,4122,91.837997
445367800,22.5798530522,113.9267615678,4,9,91.175630,89.847271,-85,4142,91.683998
445368000,22.5798531262,113.9267614576,4,10,90.376940,90.057913,-28,4256,91.497002
445368200,22.5798530659,113.9267614221,4,10,90.413248,90.448253,-31,4298,90.693001
445368400,22.5798531023,113.9267613551,4,10,90.604174,88.235175,-47,4457,90.442001
445368600,22.5798531162,113.9267612259,4,10,89.445217,86.181189,44,4544,89.958000
445368800,22.5798531147,113.9267611630,4,10,88.936275,82.757857,84,4524,89.029999
445369000,22.5798531208,113.9267610762,4,10,89.610324,80.780604,31,4558,88.579002
445369200,22.5798531310,113.9267609966,4,11,89.138193,82.259403,69,4587,87.958000
445369400,22.5798530879,113.9267609870,4,10,88.488951,83.027583,121,4587,87.390999
445369600,22.5798530572,113.9267608960,4,10,87.861623,83.107816,174,4660,87.306999
445369800,22.5798531084,113.9267608571,4,10,87.199655,81.491485,232,4743,86.639000
445370000,22.5798530674,113.9267608438,4,10,86.335459,78.972809,303,4731,86.384003
445370200,22.5798530341,113.9267608951,4,10,86.925779,78.029520,255,4748,86.268997
445370400,22.5798530641,113.9267609906,4,10,87.250654,78.932361,227,4727,86.622002
445370600,22.5798530708,113.9267610123,4,10,87.289088,80.476528,226,4773,87.324997
445370800,22.5798530355,113.9267610619,4,10,87.606045,82.531270,199,4760,87.483002
445371000,22.5798530529,113.9267610209,4,10,87.305855,83.543039,227,4824,87.831001
445371200,22.5798530005,113.9267610285,4,9,89.053724,83.523170,81,4904,87.539001
445371400,22.5798531813,113.9267609152,4,9,87.748087,83.010865,193,4908,87.577003
445371600,22.5798530372,113.9267609399,4,8,88.200064,82.466441,157,4996,86.832001
445371800,22.5798530772,113.9267609839,4,9,87.502451,82.199326,217,4975,86.947998
445372000,22.5798530890,113.9267609393,4,8,87.710735,82.880233,204,5103,87.280998
445372200,22.5798531880,113.9267609690,4,10,87.579857,83.539593,215,5087,86.964996
445372400,22.5798530715,113.9267610431,4,9,87.198328,83.097332,251,5129,87.214996
445372600,22.5798531626,113.9267611027,4,9,88.334125,83.976970,151,5192,87.706001
445372800,22.5798531612,113.9267610860,4,8,88.046739,85.503212,177,5190,88.157997
445373000,22.5798531223,113.9267611549,4,8,89.237962,87.855143,71,5338,88.039001
445373200,22.5798531284,113.9267611893,4,8,89.493997,89.001977,48,5435,88.523003
445373400,22.5798530917,113.9267612049,4,9,89.269758,87.692708,70,5492,88.769997
445373600,22.5798530856,113.9267612207,4,9,89.601835,85.063541,39,5612,88.875999
445373800,22.5798531431,113.9267611679,4,9,89.229666,81.961712,75,5578,88.988998
445374000,22.5798531103,113.9267611838,4,9,89.298917,81.526875,68,5557,88.619003
445374200,22.5798530990,113.9267612241,4,8,89.470556,82.847104,51,5519,88.726997
445374400,22.5798530565,113.9267612553,4,9,89.683621,83.277003,31,5614,89.014999
445374600,22.5798530595,113.9267612059,4,9,89.774225,84.489723,22,5583,89.235001
445374800,22.5798530833,113.9267612048,4,9,89.491170,84.434832,50,5630,88.877998
445375000,22.5798531366,113.9267611673,4,9,89.355576,83.294426,64,5690,88.874001
445375200,22.5798530744,113.9267611819,4,9,89.315263,82.259209,67,5606,88.613998
445375400,22.5798530697,113.9267611884,4,9,89.384932,82.880233,60,5589,88.708000
445375600,22.5798531242,113.9267611538,4,10,89.169978,84.369914,82,5660,88.753998
445375800,22.5798531265,113.9267611422,4,10,89.139920,85.441977,85,5662,88.514999
445376000,22.5798531411,113.9267611067,4,10,88.780053,84.472195,121,5682,88.431999
445376200,22.5798531409,113.9267610695,4,9,89.115504,83.248631,88,5700,88.181000
445376400,22.5798531267,113.9267611538,4,10,88.686570,83.277003,130,5670,87.915001
445376600,22.5798531510,113.9267610822,4,9,88.892925,83.135467,111,5744,88.515999
445376800,22.5798530868,113.9267610693,4,9,88.651166,82.803653,134,5691,88.009003
445377000,22.5798531306,113.9267610877,4,10,88.469791,81.988629,152,5690,87.899002
445377200,22.5798530587,113.9267610784,4,9,88.326870,81.962556,166,5683,88.042999
445377400,22.5798531229,113.9267610614,4,10,88.714831,81.482591,127,5661,87.957001
445377600,22.5798530378,113.9267610827,4,9,88.046126,81.282823,195,5716,87.852997
445377800,22.5798529477,113.9267611107,4,10,88.709590,81.506201,127,5638,87.982002
445378000,22.5798530159,113.9267611039,4,10,88.111924,81.537570,185,5612,88.162003
445378200,22.5798531001,113.9267610260,4,10,88.260907,81.057025,171,5632,88.129997
445378400,22.5798531842,113.9267609960,4,10,88.012648,80.879103,193,5562,87.591003
445378600,22.5798531930,113.9267609710,4,10,88.041490,81.275624,189,5527,87.405998
445378800,22.5798531332,113.9267609894,4,10,87.583275,80.865545,232,5497,87.232002
445379000,22.5798530679,113.9267610104,4,10,88.161147,81.165774,176,5482,87.341003
445379200,22.5798530404,113.9267610051,4,10,87.948962,80.861277,195,5445,87.469002
445379400,22.5798530705,113.9267610230,4,9,87.777979,81.742494,211,5438,87.420998
445379600,22.5798530575,113.9267609785,4,9,88.418584,80.529508,149,5397,87.559998
445379800,22.5798530669,113.9267610198,4,9,88.210424,81.503532,167,5345,87.235001
445380000,22.5798531130,113.9267609823,4,9,88.007814,81.565660,187,5376,87.536003
445380200,22.5798531619,113.9267609652,4,9,87.202261,81.194894,257,5259,87.282997
445380400,22.5798531033,113.9267609434,4,9,87.530118,80.938743,229,5309,87.179001
445380600,22.5798530621,113.9267609582,4,9,87.981894,80.881093,182,5165,87.000000
445380800,22.5798530563,113.9267609450,4,9,87.876879,81.266257,194,5233,87.089996
445381000,22.5798531160,113.9267609078,4,9,87.345064,81.635662,237,5111,86.991997
445381200,22.5798530870,113.9267609378,4,9,87.437222,82.040916,231,5161,86.750000
445381400,22.5798531854,113.9267609168,4,9,87.131442,81.702284,256,5109,86.953003
445381600,22.5798531341,113.9267608926,4,9,87.375685,81.294540,230,5018,86.844002
445381800,22.5798531321,113.9267609310,4,9,86.969988,80.802982,268,5063,86.650002
445382000,22.5798531444,113.9267608931,4,9,87.679851,81.063997,204,5035,86.922997
445382200,22.5798530813,113.9267609050,4,9,87.587868,80.997955,207,4914,86.657997
445382400,22.5798530901,113.9267608638,4,9,87.021636,80.744551,250,4805,86.714996
445382600,22.5798530755,113.9267608953,4,9,87.032040,80.029489,240,4629,86.422997
445382800,22.5798530748,113.9267608735,4,9,87.129315,80.218398,225,4487,86.641998
445383000,22.5798530380,113.9267609356,4,9,87.070095,79.534408,221,4318,86.485001
445383200,22.5798530945,113.9267608450,4,10,87.174708,80.245548,209,4235,86.917000
445383400,22.5798530800,113.9267609104,4,10,87.104683,80.595476,202,3994,86.290001
445383600,22.5798530831,113.9267608703,4,10,86.728640,81.997532,214,3744,86.752998
445383800,22.5798530672,113.9267608897,4,10,87.431506,82.016993,154,3433,86.466003
445384000,22.5798530897,113.9267608740,4,10,86.629167,82.032381,181,3073,86.598000
445384200,22.5798531179,113.9267608819,4,10,88.010935,82.768594,97,2793,86.496002
445384400,22.5798530627,113.9267609101,4,10,85.902716,82.187668,175,2443,86.566002
445384600,22.5798530408,113.9267609163,4,10,87.392656,81.936062,99,2174,86.744003
445384800,22.5798530317,113.9267609070,4,10,87.749359,81.364747,72,1832,86.778000
445385000,22.5798530922,113.9267609405,4,10,86.048346,82.432560,105,1520,86.707001
445385200,22.5798530350,113.9267609441,4,10,87.406930,82.791267,62,1369,86.974998
445385400,22.5798531028,113.9267608852,4,10,78.955252,83.346321,138,707,86.976997
445385600,22.5798531844,113.9267608757,4,10,93.155862,82.522752,-73,1324,86.583000
445385800,22.5798530992,113.9267609431,4,10,84.449500,81.175512,155,1595,86.553001
445386000,22.5798530864,113.9267609488,4,10,86.613666,80.444549,70,1183,86.996002
445386200,22.5798531196,113.9267609240,4,10,89.570647,82.599030,9,1201,87.031998
445386400,22.5798531586,113.9267609085,4,10,82.860661,83.965506,185,1477,86.867996
445386600,22.5798530290,113.9267609818,4,10,89.366605,84.478645,11,995,86.774002
445386800,22.5798530959,113.9267609469,4,10,96.746808,83.290460,-117,989,87.248001
445387000,22.5798531772,113.9267609629,4,11,83.176538,81.532922,154,1287,87.023003
445387200,22.5798531228,113.9267609478,4,11,86.270981,83.083862,102,1565,87.167999
445387400,22.5798530945,113.9267609678,4,11,89.104190,85.056246,22,1407,87.040001
445387600,22.5798531142,113.9267609949,4,10,88.566198,87.034552,42,1678,87.171997
445387800,22.5798531021,113.9267609735,4,10,86.724018,88.224655,102,1782,87.373001
445388000,22.5798531814,113.9267609347,4,10,88.275801,88.104426,59,1960,87.214996
445388200,22.5798531509,113.9267609414,4,11,86.427015,89.104643,133,2130,86.969002
445388400,22.5798530932,113.9267609799,4,11,88.278650,88.752040,69,2296,87.004997
445388600,22.5798531008,113.9267609681,4,11,87.813837,87.924771,92,2410,87.258003
445388800,22.5798531311,113.9267609861,4,11,88.340679,86.316802,75,2589,87.176003
445389000,22.5798530866,113.9267609125,4,10,87.500153,84.591307,116,2657,87.316002
445389200,22.5798531588,113.9267608768,4,11,87.774002,84.652523,106,2727,86.772003
445389400,22.5798531009,113.9267608628,4,10,86.829361,82.643002,153,2762,86.549004
445389600,22.5798530913,113.9267608720,4,11,86.908166,81.490612,150,2777,86.420998
445389800,22.5798531158,113.9267608256,4,11,86.461517,81.843504,169,2733,86.482002
445390000,22.5798530911,113.9267607806,4,11,86.726462,80.856768,153,2675,86.163002
445390200,22.5798531296,113.9267606740,4,11,85.822299,80.568435,197,2697,85.827003
445390400,22.5798530521,113.9267606983,4,11,85.407700,81.287036,209,2602,85.089996
445390600,22.5798530757,113.9267606687,4,11,86.437126,80.560239,165,2650,85.212997
445390800,22.5798530631,113.9267605967,4,11,85.820516,80.132884,187,2559,85.015999
445391000,22.5798531585,113.9267605728,4,11,85.327665,80.360999,208,2545,84.490997
445391200,22.5798531227,113.9267605091,4,11,83.939006,79.945983,268,2524,84.391998
445391400,22.5798530856,113.9267605103,4,11,85.060217,79.602030,214,2476,83.914001
445391600,22.5798530971,113.9267604365,4,11,84.939203,79.483288,226,2552,83.891998
445391800,22.5798530469,113.9267603468,4,11,84.047541,78.491420,264,2532,83.375999
445392000,22.5798530534,113.9267602169,4,11,84.003045,77.763373,260,2475,82.692001
445392200,22.5798530028,113.9267600933,4,11,81.742827,77.318956,348,2398,81.775002
445392400,22.5798529815,113.9267599332,4,11,80.260554,76.564391,414,2412,80.837997
445392600,22.5798529670,113.9267597727,4,11,80.139092,75.869824,429,2468,79.675003
445392800,22.5798528995,113.9267595374,4,11,77.878084,74.333855,526,2449,78.521004
445393000,22.5798528533,113.9267592262,4,11,75.923589,72.832360,589,2349,76.757004
445393200,22.5798527448,113.9267589932,4,11,74.831002,70.160683,626,2309,74.501999
445393400,22.5798526401,113.9267584885,4,11,73.215900,68.830378,691,2291,72.656998
445393600,22.5798524173,113.9267580622,4,11,67.593342,65.488564,851,2064,68.964996
445393800,22.5798521969,113.9267574918,4,11,64.984657,62.078581,944,2023,65.473000
445394000,22.5798517770,113.9267569251,4,11,60.084107,57.899802,1057,1837,61.041000
445394200,22.5798513218,113.9267564060,4,11,53.383248,53.233672,1215,1635,55.852001
445394400,22.5798508700,113.9267557197,4,11,51.544369,48.506424,1281,1613,50.681000
445394600,22.5798502501,113.9267551353,4,11,40.509548,43.150716,1545,1320,44.601002
445394800,22.5798495101,113.9267546334,4,10,35.951346,38.595347,1525,1106,38.181000
445395000,22.5798487578,113.9267541350,4,11,27.539612,32.874201,1632,851,31.351999
445395200,22.5798478748,113.9267537971,4,11,21.655128,25.999243,1690,671,24.472000
445395400,22.5798469482,113.9267535102,4,10,12.253573,20.297652,1699,369,17.176001
445395600,22.5798459660,113.9267533700,4,10,7.399157,13.849503,1671,217,9.687000
445395800,22.5798449383,113.9267534165,4,10,356.994390,8.113150,1676,-88,2.024000
445396000,22.5798438843,113.9267536095,4,10,349.621295,357.184323,1638,-300,354.078003
445396200,22.5798429137,113.9267539146,4,10,340.627668,352.526177,1550,-545,345.816010
445396400,22.5798419823,113.9267543489,4,10,333.272429,342.596802,1549,-780,338.028015
445396600,22.5798411366,113.9267550236,4,10,324.230770,337.220669,1377,-992,330.252991
445396800,22.5798402779,113.9267559470,4,10,317.738039,331.783381,1216,-1105,322.187988
445397000,22.5798396545,113.9267567301,4,10,309.351187,321.108542,993,-1211,312.819000
445397200,22.5798390349,113.9267577639,4,10,301.267666,316.191454,923,-1520,305.410004
445397400,22.5798386316,113.9267587024,4,10,293.073315,307.784158,659,-1547,296.605988
445397600,22.5798384521,113.9267595167,4,10,285.762148,303.365160,490,-1736,289.243988
445397800,22.5798382461,113.9267603794,4,10,282.752436,296.408132,411,-1816,283.289001
445398000,22.5798381748,113.9267610310,4,10,272.976947,290.529103,96,-1846,276.968994
445398200,22.5798382589,113.9267615348,4,10,272.940478,285.041590,94,-1830,272.330994
445398400,22.5798383082,113.9267620007,4,10,269.006367,278.856352,-35,-2018,268.757996
445398600,22.5798383617,113.9267623644,4,10,264.582026,276.418579,-195,-2056,265.407013
445398800,22.5798383669,113.9267626958,4,10,262.145786,272.880240,-297,-2153,262.766998
445399000,22.5798384634,113.9267629340,4,10,260.221887,270.014226,-385,-2234,260.410004
445399200,22.5798384170,113.9267630640,4,10,259.585915,267.877041,-424,-2307,258.592987
445399400,22.5798385032,113.9267630831,4,10,257.729280,266.433934,-522,-2400,257.753998
445399600,22.5798384807,113.9267630677,4,11,257.553200,266.098889,-539,-2442,257.477997
445399800,22.5798384986,113.9267629730,4,11,257.684061,266.167650,-548,-2510,257.622986
445400000,22.5798384792,113.9267629082,4,11,259.416707,266.776044,-480,-2569,258.263000
445400200,22.5798383993,113.9267628662,4,11,258.798995,266.711736,-521,-2631,258.751007
445400400,22.5798383561,113.9267629180,4,11,259.400327,267.419381,-486,-2597,259.165985
445400600,22.5798384026,113.9267627288,4,11,258.850702,267.932823,-514,-2608,258.867004
445400800,22.5798383845,113.9267627137,4,11,261.270868,268.115253,-427,-2781,260.131012
445401000,22.5798383467,113.9267627630,4,12,260.813600,268.553380,-436,-2696,260.260986
445401200,22.5798383280,113.9267626885,4,12,260.453805,269.605548,-447,-2658,259.963989
445401400,22.5798383573,113.9267626284,4,12,262.070751,269.718045,-384,-2757,260.510986
445401600,22.5798383016,113.9267625593,4,12,262.157931,270.674458,-380,-2759,260.898010
445401800,22.5798382777,113.9267625219,4,12,260.846095,271.379192,-447,-2774,261.450012
445402000,22.5798382872,113.9267624863,4,12,263.732995,272.932025,-302,-2750,261.739990
445402200,22.5798383493,113.9267623848,4,12,262.087544,273.041304,-369,-2655,261.979004
445402400,22.5798382863,113.9267623998,4,12,263.702017,273.701308,-296,-2682,262.634003
445402600,22.5798382705,113.9267623053,4,12,263.077490,273.773069,-313,-2578,262.589996
445402800,22.5798382742,113.9267622489,4,12,264.119403,274.029637,-268,-2602,263.270996
445403000,22.5798383036,113.9267621856,4,12,264.966097,274.038674,-224,-2543,263.666992
445403200,22.5798382413,113.9267621696,4,12,265.063566,274.814525,-218,-2524,264.092010
445403400,22.5798383102,113.9267620774,4,12,264.948175,275.333276,-205,-2319,264.252991
445403600,22.5798382434,113.9267621187,4,12,266.536098,275.192091,-121,-1999,264.858002
445403800,22.5798382704,113.9267620508,4,12,266.549157,275.465731,-108,-1791,264.612000
445404000,22.5798382626,113.9267620213,4,12,265.474758,275.624177,-137,-1731,265.074005
445404200,22.5798383511,113.9267619508,4,12,264.887332,276.537588,-147,-1643,265.289001
445404400,22.5798382378,113.9267619909,4,12,268.519272,276.081610,-35,-1354,265.739990
445404600,22.5798382330,113.9267619536,4,12,264.847540,276.441461,-111,-1231,265.519989
445404800,22.5798382882,113.9267619386,4,12,266.153284,276.598926,-47,-699,265.786987
445405000,22.5798382759,113.9267618805,4,12,272.136522,276.713366,41,-1099,265.863007
445405200,22.5798381580,113.9267619508,4,12,264.326433,276.678534,-137,-1379,266.283997
445405400,22.5798382145,113.9267619120,4,12,265.824864,276.158539,-83,-1137,265.847992
445405600,22.5798382174,113.9267618915,4,12,268.909278,276.402849,-21,-1103,266.091003
445405800,22.5798382777,113.9267618408,4,12,266.346843,276.102267,-83,-1300,266.234985
445406000,22.5798382515,113.9267618687,4,12,271.327078,275.433464,24,-1036,266.566986
445406200,22.5798382326,113.9267618419,4,12,268.775917,275.780887,-20,-936,266.380005
445406400,22.5798381869,113.9267618636,4,12,267.991582,275.461715,-31,-884,266.579010
445406600,22.5798383010,113.9267617247,4,12,265.142891,276.534804,-125,-1471,266.446991
445406800,22.5798382557,113.9267617593,4,12,271.207743,276.996899,30,-1423,267.386993
445407000,22.5798382964,113.9267616731,4,12,267.929969,276.380238,-51,-1411,267.157013
445407200,22.5798382595,113.9267616977,4,12,267.378186,276.512852,-68,-1485,267.759003
445407400,22.5798383281,113.9267616377,4,12,268.636884,273.114291,-40,-1681,267.593994
445407600,22.5798383022,113.9267616620,4,12,269.220302,272.190561,-25,-1837,268.005005
445407800,22.5798382200,113.9267616400,4,12,266.683492,270.824468,-113,-1950,267.837006
445408000,22.5798383208,113.9267615619,4,12,266.166460,269.896384,-144,-2149,268.016998
445408200,22.5798382442,113.9267616441,4,12,267.232939,268.245060,-113,-2338,268.552002
445408400,22.5798382238,113.9267616258,4,11,266.495548,267.072298,-155,-2531,267.981995
445408600,22.5798381991,113.9267616762,4,11,267.034066,265.900803,-143,-2760,268.117004
445408800,22.5798383401,113.9267616432,4,12,264.918637,266.189119,-256,-2879,267.765991
445409000,22.5798382177,113.9267616319,4,11,268.472709,265.466478,-87,-3263,267.962006
445409200,22.5798382484,113.9267616669,4,11,269.657404,265.462345,-21,-3512,268.075012
445409400,22.5798384102,113.9267616349,4,12,267.915174,264.337057,-134,-3681,267.817993
445409600,22.5798384344,113.9267617625,4,11,268.638830,264.295579,-94,-3956,268.002014
445409800,22.5798384263,113.9267617760,4,11,268.728539,264.619724,-90,-4055,267.063995
445410000,22.5798382262,113.9267618808,4,10,266.908817,268.294287,-232,-4296,266.967987
445410200,22.5798382172,113.9267619577,4,9,267.144164,271.301942,-217,-4350,266.306000
445410400,22.5798381524,113.9267619827,4,10,267.681168,274.105973,-174,-4297,265.766998
445410600,22.5798383403,113.9267619088,4,9,266.435361,273.867039,-266,-4270,265.627014
445410800,22.5798383428,113.9267619700,4,10,268.105643,271.860993,-145,-4384,266.048004
445411000,22.5798381982,113.9267619954,4,9,267.348827,270.675867,-203,-4384,265.606995
445411200,22.5798381483,113.9267620874,4,8,266.341764,269.233043,-284,-4442,265.511993
445411400,22.5798382831,113.9267619936,4,10,266.892311,268.207185,-246,-4531,264.898010
445411600,22.5798382504,113.9267619088,4,9,267.291252,268.970483,-220,-4650,265.472992
445411800,22.5798382008,113.9267619603,4,9,266.881817,269.150120,-258,-4736,266.095001
445412000,22.5798382697,113.9267619033,4,9,266.338637,268.898023,-306,-4782,265.757996
445412200,22.5798383486,113.9267618689,4,9,267.068495,267.512313,-252,-4921,266.123993
445412400,22.5798383091,113.9267618383,4,8,267.496180,267.073973,-221,-5054,266.330994
445412600,22.5798382587,113.9267618992,4,8,267.257120,267.089835,-244,-5093,266.569000
445412800,22.5798380322,113.9267619854,4,8,267.163589,267.621242,-256,-5167,266.160004
445413000,22.5798382445,113.9267618463,4,8,266.702076,265.976538,-305,-5293,265.677002
445413200,22.5798383418,113.9267617648,4,8,267.407443,267.314534,-247,-5455,266.542999
445413400,22.5798383564,113.9267617705,4,8,268.021478,268.814075,-190,-5500,267.084015
445413600,22.5798383895,113.9267618055,4,8,268.161147,269.669031,-176,-5482,267.036987
445413800,22.5798382521,113.9267618352,4,8,267.589294,268.069030,-235,-5582,266.769989
445414000,22.5798381272,113.9267617865,4,8,267.024557,265.124093,-293,-5637,266.618011
445414200,22.5798382345,113.9267618364,4,8,267.765392,265.125964,-228,-5843,267.014008
445414400,22.5798382528,113.9267617640,4,8,267.897001,268.339079,-215,-5855,266.617004
445414600,22.5798383039,113.9267618016,4,8,267.764877,271.000533,-235,-6021,267.123993
445414800,22.5798383515,113.9267617145,4,8,268.140091,274.195994,-195,-6005,266.834991
445415000,22.5798382252,113.9267617738,4,8,267.774076,275.955729,-231,-5943,267.444000
445415200,22.5798382549,113.9267617897,4,8,267.747792,274.889436,-232,-5899,267.065002
445415400,22.5798381695,113.9267618251,4,8,268.190647,273.605893,-186,-5888,266.940002
445415600,22.5798381274,113.9267617810,4,8,267.573912,271.698860,-249,-5877,266.726013
445415800,22.5798382276,113.9267618031,4,8,268.264010,271.719186,-184,-6071,267.053009
445416000,22.5798381803,113.9267618230,4,8,268.264005,272.705207,-181,-5972,266.855988
445416200,22.5798382247,113.9267617965,4,8,267.830742,275.170811,-225,-5940,266.735992
445416400,22.5798381996,113.9267617845,4,8,268.349724,276.257015,-172,-5970,266.904999
445416600,22.5798382841,113.9267617151,4,8,267.762038,276.570311,-231,-5911,267.000000
445416800,22.5798382306,113.9267616779,4,8,268.858140,276.535512,-117,-5870,267.462006
445417000,22.5798382560,113.9267617237,4,8,268.409405,276.361897,-162,-5834,267.744995
445417200,22.5798382601,113.9267617617,4,8,268.275228,276.335279,-172,-5712,267.411011
445417400,22.5798382275,113.9267617609,4,8,268.209465,275.269915,-179,-5726,267.138000
445417600,22.5798381567,113.9267618034,4,8,268.330013,274.337738,-167,-5728,267.156006
445417800,22.5798382041,113.9267618186,4,8,267.860897,273.937597,-211,-5649,266.884003
445418000,22.5798383043,113.9267618209,4,8,268.011080,274.093369,-196,-5644,266.756989
445418200,22.5798382027,113.9267618887,4,8,267.804432,274.760005,-216,-5634,266.696014
445418400,22.5798382545,113.9267619035,4,8,267.155600,274.733830,-276,-5555,266.261993
445418600,22.5798381575,113.9267619790,4,8,267.589514,274.142865,-233,-5535,266.131012
445418800,22.5798383430,113.9267618694,4,8,266.202009,274.369385,-361,-5438,265.651001
445419000,22.5798383168,113.9267619300,4,8,266.909322,273.610044,-296,-5482,266.329987
445419200,22.5798382635,113.9267619317,4,8,267.687450,273.346399,-219,-5423,265.908997
445419400,22.5798382377,113.9267619748,4,8,265.765583,273.141340,-395,-5335,265.924988
445419600,22.5798383129,113.9267619580,4,8,265.934396,272.719274,-376,-5290,265.634003
445419800,22.5798381410,113.9267620975,4,7,266.731980,272.582344,-302,-5289,265.709991
445420000,22.5798382383,113.9267620563,4,8,266.084597,272.638896,-357,-5216,264.832001
445420200,22.5798383229,113.9267620357,4,8,266.004456,272.771598,-360,-5154,265.057007
445420400,22.5798381124,113.9267621572,4,7,265.766059,272.806690,-382,-5160,265.148010
445420600,22.5798383292,113.9267620497,4,7,264.932289,272.321559,-452,-5097,264.437012
445420800,22.5798382658,113.9267620956,4,8,266.472685,272.367741,-314,-5094,265.042999
445421000,22.5798382052,113.9267620828,4,8,265.359321,271.902315,-407,-5014,264.760010
445421200,22.5798382227,113.9267620301,4,8,265.885009,272.035052,-359,-4990,264.890991
445421400,22.5798381838,113.9267619954,4,8,265.713430,272.360861,-372,-4963,265.252014
445421600,22.5798383064,113.9267618632,4,8,267.025970,272.711892,-258,-4966,265.519989
445421800,22.5798382668,113.9267618690,4,7,266.092262,272.929210,-330,-4831,266.393005
445422000,22.5798382680,113.9267617690,4,8,267.578022,273.002472,-207,-4894,266.369995
445422200,22.5798381943,113.9267618044,4,8,267.027512,273.453324,-248,-4776,267.083008
445422400,22.5798382250,113.9267616675,4,8,267.885094,273.814735,-177,-4793,266.860992
445422600,22.5798381758,113.9267617208,4,8,268.747306,274.656792,-104,-4756,267.821014
445422800,22.5798381241,113.9267616948,4,8,268.480314,274.984831,-124,-4674,267.458008
445423000,22.5798381801,113.9267615714,4,8,269.176099,274.997270,-67,-4659,267.657990
445423200,22.5798380947,113.9267616127,4,8,269.479144,275.341580,-42,-4620,268.513000
445423400,22.5798381515,113.9267614863,4,8,269.650944,275.836842,-28,-4596,268.240997
445423600,22.5798382989,113.9267613934,4,8,270.480934,276.171054,38,-4527,269.117004
445423800,22.5798383747,113.9267612500,4,8,271.468152,277.236434,116,-4526,269.766998
445424000,22.5798381610,113.9267613084,4,7,271.514186,277.854236,118,-4464,270.806000
445424200,22.5798382101,113.9267611331,4,8,271.816245,277.792344,140,-4415,270.371002
445424400,22.5798383256,113.9267609911,4,8,272.803180,278.338061,215,-4391,271.618011
445424600,22.5798382304,113.9267609119,4,8,273.535882,278.743184,267,-4321,272.665009
445424800,22.5798382135,113.9267608462,4,8,273.980315,278.900262,296,-4254,273.194000
445425000,22.5798382366,113.9267607610,4,9,274.696850,279.850885,350,-4260,273.652008
445425200,22.5798382684,113.9267606426,4,9,276.038203,280.167797,443,-4188,274.266998
445425400,22.5798382868,113.9267605454,4,10,276.237229,281.977861,454,-4154,275.127014
445425600,22.5798382941,113.9267605130,4,10,277.049620,282.727928,509,-4116,275.829987
445425800,22.5798383105,113.9267604229,4,10,277.279738,283.505416,518,-4055,276.066010
445426000,22.5798383405,113.9267603686,4,10,277.601246,283.838754,531,-3979,276.720001
445426200,22.5798382953,113.9267603640,4,10,278.483936,284.161250,598,-4009,277.134003
445426400,22.5798382900,113.9267603042,4,10,277.843494,284.405166,544,-3949,277.122986
445426600,22.5798383139,113.9267602594,4,10,279.278939,284.234624,646,-3954,277.540985
445426800,22.5798382756,113.9267602448,4,10,279.577050,284.420154,642,-3805,277.881989
445427000,22.5798383153,113.9267601641,4,10,279.198288,284.865939,633,-3909,277.944000
445427200,22.5798382799,113.9267601338,4,10,281.154457,284.515330,755,-3829,278.554993
445427400,22.5798383137,113.9267600779,4,10,279.418696,285.179609,636,-3834,278.726990
445427600,22.5798383424,113.9267600337,4,10,280.136074,285.444604,684,-3826,279.158997
445427800,22.5798383506,113.9267599534,4,10,281.133294,287.129121,737,-3745,279.506012
445428000,22.5798383814,113.9267598737,4,10,281.711242,287.461909,790,-3811,280.080994
445428200,22.5798383660,113.9267598399,4,10,282.657026,288.257416,839,-3736,280.682007
445428400,22.5798383758,113.9267598126,4,10,282.722948,287.741365,846,-3747,280.897003
445428600,22.5798384085,113.9267597937,4,10,282.701233,288.204560,840,-3727,281.101990
445428800,22.5798384348,113.9267597383,4,10,283.222427,288.007648,871,-3707,281.282990
445429000,22.5798384074,113.9267597264,4,10,282.083152,288.484913,794,-3709,281.712006
445429200,22.5798383672,113.9267598180,4,10,283.360774,287.767348,870,-3663,281.752014
445429400,22.5798383405,113.9267599057,4,10,282.073432,287.839880,785,-3670,281.050995
445429600,22.5798383247,113.9267600596,4,10,281.801318,287.088507,767,-3671,280.401001
445429800,22.5798382881,113.9267602760,4,10,280.371541,286.792834,664,-3628,279.300995
445430000,22.5798382884,113.9267604890,4,10,280.209526,285.539004,648,-3598,277.738007
445430200,22.5798382160,113.9267608209,4,10,278.269595,284.441067,518,-3564,276.231995
445430400,22.5798382181,113.9267610891,4,10,275.823741,283.122020,363,-3559,273.832001
445430600,22.5798382178,113.9267613325,4,10,273.458989,280.592173,215,-3557,271.932007
445430800,22.5798382297,113.9267616384,4,9,271.775026,278.797225,108,-3485,270.201996
445431000,22.5798382274,113.9267619399,4,10,269.688791,275.893371,-19,-3498,268.026001
445431200,22.5798383026,113.9267623955,4,9,267.790972,274.198809,-132,-3422,265.886993
445431400,22.5798383268,113.9267627588,4,10,264.877787,271.389899,-295,-3291,262.604004
445431600,22.5798384184,113.9267631114,4,10,260.932057,268.828970,-527,-3302,260.019989
445431800,22.5798384963,113.9267634978,4,10,258.217889,266.447530,-656,-3145,257.421997
445432000,22.5798385963,113.9267638096,4,10,255.829239,263.020655,-784,-3105,254.606003
445432200,22.5798386905,113.9267641032,4,10,251.930801,259.934039,-968,-2967,252.259003
445432400,22.5798387816,113.9267644200,4,10,251.005942,257.612879,-1002,-2911,250.044006
445432600,22.5798389110,113.9267646785,4,10,247.190608,254.302187,-1199,-2851,247.686996
445432800,22.5798390200,113.9267649071,4,10,246.710225,252.066220,-1207,-2804,245.602997
445433000,22.5798391223,113.9267651652,4,10,245.053370,249.849203,-1309,-2814,243.770004
445433200,22.5798392431,113.9267653969,4,10,242.094016,248.694641,-1440,-2719,241.772995
445433400,22.5798393595,113.9267655244,4,10,241.544108,247.895014,-1466,-2705,239.880997
445433600,22.5798394291,113.9267656925,4,9,237.390857,245.254656,-1648,-2576,238.641006
445433800,22.5798395214,113.9267657876,4,9,241.034384,243.819622,-1484,-2681,237.337997
445434000,22.5798395347,113.9267658384,4,9,236.962051,241.797332,-1674,-2574,236.378998
445434200,22.5798395475,113.9267658571,4,9,235.674739,242.642168,-1707,-2500,236.020004
445434400,22.5798395289,113.9267657649,4,9,237.994617,242.902848,-1590,-2544,235.852997
445434600,22.5798394912,113.9267656981,4,10,235.996146,242.275057,-1671,-2477,236.483002
445434800,22.5798394192,113.9267656883,4,10,238.871842,243.820621,-1514,-2507,237.044006
445435000,22.5798393843,113.9267656162,4,10,237.990392,245.071466,-1524,-2438,237.403000
445435200,22.5798393009,113.9267655467,4,11,239.475190,246.515559,-1444,-2449,237.981995
445435400,22.5798393023,113.9267654861,4,11,240.273007,246.311473,-1379,-2415,238.738007
445435600,22.5798392751,113.9267653582,4,11,241.101302,246.056406,-1311,-2375,239.102997
445435800,22.5798392008,113.9267653368,4,11,241.895413,247.454847,-1286,-2408,239.996994
445436000,22.5798392026,113.9267652224,4,10,242.586882,248.073773,-1252,-2414,240.412994
445436200,22.5798391629,113.9267651707,4,10,241.729375,247.473395,-1281,-2382,241.119995
445436400,22.5798391334,113.9267650603,4,11,244.018701,248.583465,-1173,-2407,241.591003
445436600,22.5798391265,113.9267649912,4,10,242.756031,248.752873,-1244,-2416,242.397003
445436800,22.5798390786,113.9267649655,4,10,244.457149,248.079708,-1189,-2488,242.862000
445437000,22.5798390388,113.9267649265,4,11,243.727179,248.694641,-1242,-2516,243.194000
445437200,22.5798390504,113.9267649169,4,12,241.369712,249.131852,-1326,-2429,243.580994
445437400,22.5798390434,113.9267649050,4,12,244.430595,249.663214,-1233,-2577,243.604004
445437600,22.5798390467,113.9267648536,4,12,243.267778,251.253291,-1310,-2601,243.703995
445437800,22.5798390388,113.9267648945,4,12,245.493657,251.499494,-1198,-2628,244.024002
445438000,22.5798389876,113.9267648546,4,12,244.469765,252.385603,-1238,-2592,243.787003
445438200,22.5798389973,113.9267648031,4,12,245.295761,252.047235,-1203,-2615,244.216003
445438400,22.5798390261,113.9267648394,4,12,245.247387,250.933578,-1190,-2581,244.516006
445438600,22.5798390363,113.9267648238,4,12,244.084795,251.950496,-1258,-2589,244.184998
445438800,22.5798390633,113.9267647707,4,11,246.344900,253.114513,-1177,-2687,244.251007
445439000,22.5798390508,113.9267646553,4,11,246.498341,253.351824,-1178,-2709,244.505997
445439200,22.5798390486,113.9267645786,4,11,245.199568,254.942614,-1261,-2729,245.304993
445439400,22.5798388157,113.9267644691,4,12,248.783561,254.976536,-1040,-2679,245.820999
445439600,22.5798388630,113.9267643066,4,11,246.826541,256.991514,-1178,-2752,247.264008
445439800,22.5798385848,113.9267640750,4,12,249.854694,258.606655,-1029,-2805,248.203995
445440000,22.5798385295,113.9267637221,4,10,248.925581,259.505257,-1042,-2704,250.503998
445440200,22.5798384265,113.9267633981,4,12,252.821739,261.423666,-873,-2824,253.005005
445440400,22.5798384993,113.9267631508,4,12,255.949892,263.482384,-730,-2917,255.427994
445440600,22.5798382014,113.9267627812,4,12,258.758877,265.956197,-573,-2883,257.009003
445440800,22.5798382772,113.9267626656,4,13,260.325176,268.625874,-514,-3015,260.029999
445441000,22.5798383676,113.9267622965,4,11,262.811463,269.148080,-350,-2775,260.734009
445441200,22.5798383042,113.9267623639,4,12,264.387335,270.913968,-279,-2839,263.246002
445441400,22.5798383127,113.9267621102,4,11,262.722308,272.621071,-342,-2678,262.825989
445441600,22.5798382514,113.9267620396,4,12,265.357350,273.707551,-226,-2783,264.622009
445441800,22.5798381492,113.9267619664,4,12,266.706505,273.949381,-151,-2624,265.166992
445442000,22.5798381349,113.9267620328,4,13,267.638148,274.588620,-102,-2473,265.743988
445442200,22.5798381686,113.9267619313,4,13,265.419175,274.641407,-185,-2309,265.287994
445442400,22.5798382633,113.9267618773,4,13,267.608873,275.443156,-96,-2299,265.979004
445442600,22.5798385085,113.9267618117,4,12,267.136295,275.409706,-110,-2199,266.312988
445442800,22.5798380846,113.9267618977,4,12,272.315130,276.126954,83,-2053,266.670990
445443000,22.5798383328,113.9267617580,4,13,266.503768,276.138366,-117,-1915,266.256989
445443200,22.5798380328,113.9267617263,4,13,269.933493,276.983233,-2,-1723,267.136993
445443400,22.5798382998,113.9267617043,4,12,267.046421,276.923980,-76,-1473,267.467987
445443600,22.5798381877,113.9267617010,4,12,273.327404,276.553009,65,-1118,267.533997
445443800,22.5798381887,113.9267616262,4,13,267.098090,276.217200,-44,-868,267.593994
445444000,22.5798379612,113.9267618164,4,13,265.203748,276.677365,-61,-727,268.122986
445444200,22.5798381156,113.9267616244,4,13,252.611152,278.499444,-88,-281,266.873993
445444400,22.5798382642,113.9267615639,4,12,273.551733,280.162964,18,-290,268.153015
445444600,22.5798383011,113.9267615765,4,13,268.099889,280.020298,-7,-211,268.549011
445444800,22.5798383324,113.9267615337,4,13,264.882685,280.142422,-12,-134,268.451996
445445000,22.5798382577,113.9267615796,4,12,275.079608,279.741280,12,-135,268.753998
445445200,22.5798382320,113.9267615734,4,12,0.000000,279.462178,6,-92,268.437988
445445400,22.5798382135,113.9267615870,4,12,0.000000,279.246695,4,-95,268.488007
