452547000,22.5797510164,113.9264079552,3,5,-0.000305,280.515947,0.000000,0,0
452547100,22.5797510594,113.9264079258,3,5,280.506317,279.899038,239.656751,-72,-123
452547200,22.5797510226,113.9264079626,3,5,280.492920,280.587612,300.650668,64,-108
452547300,22.5797510030,113.9264079213,3,5,280.473907,280.069927,100.678947,-33,175
452547400,22.5797509346,113.9264079403,3,5,280.437683,279.830173,0.000000,8,-53
452547500,22.5797509687,113.9264078788,3,5,280.381500,279.923515,0.000000,-46,-30
452547600,22.5797508726,113.9264078963,3,5,280.321960,279.867449,0.000000,78,-9
452547700,22.5797508329,113.9264078939,3,5,280.242828,279.689428,0.000000,-64,5
452547800,22.5797507687,113.9264077404,3,5,280.186829,279.669660,0.000000,-8,68
452547900,22.5797507591,113.9264078199,3,5,280.091125,279.689428,256.917009,-33,-142
452548000,22.5797507244,113.9264077472,3,5,279.993042,279.567403,83.290163,44,374
452548100,22.5797507587,113.9264077562,3,5,279.921844,279.861507,265.724159,-16,-214
452548200,22.5797507182,113.9264077336,3,5,279.860779,279.775381,0.000000,74,78
452548300,22.5797506847,113.9264077120,3,5,279.806824,279.679989,0.000000,-16,-74
452548400,22.5797507007,113.9264077391,3,5,279.714020,279.283166,0.000000,-26,24
452548500,22.5797506682,113.9264076943,3,5,279.602631,279.415900,0.000000,58,-29
452548600,22.5797506462,113.9264076835,3,5,279.539886,279.726208,0.000000,-24,92
452548700,22.5797506404,113.9264076535,3,5,279.535736,279.319113,0.000000,-1,54
452548800,22.5797505948,113.9264076682,3,5,279.450378,279.423738,0.000000,8,-99
452548900,22.5797506264,113.9264075951,3,5,279.393311,279.357675,258.849075,-41,-208
452549000,22.5797505983,113.9264075884,3,5,279.372528,279.584783,61.821410,75,140
452549100,22.5797506277,113.9264076216,3,5,279.442932,279.746045,0.000000,-3,-21
452549200,22.5797505465,113.9264076713,3,5,279.473389,279.663753,0.000000,22,-26
452549300,22.5797505900,113.9264076573,3,5,279.465942,279.443177,112.023055,-108,267
452549400,22.5797506408,113.9264077219,3,5,279.462585,279.643932,275.732495,26,-259
452549500,22.5797506587,113.9264077189,3,5,279.441132,279.273679,68.708845,53,136
452549600,22.5797506716,113.9264077037,3,5,279.370392,279.102588,0.000000,14,-86
452549700,22.5797506452,113.9264076638,3,5,279.242981,278.677441,269.048330,-5,-301
452549800,22.5797506632,113.9264077750,3,5,279.075317,278.640717,121.277703,-65,107
452549900,22.5797506380,113.9264076956,3,5,278.936829,278.849110,82.568592,24,184
452550000,22.5797505913,113.9264076255,3,5,278.858398,278.746862,267.106646,-14,-277
452550100,22.5797506313,113.9264076806,3,5,278.783081,278.748456,256.414009,-58,-240
452550200,22.5797505968,113.9264077053,3,5,278.768188,279.073479,80.335814,47,276
452550300,22.5797505669,113.9264076697,3,5,278.797791,279.392434,0.000000,-13,24
452550400,22.5797505798,113.9264076622,3,5,278.894745,279.505986,264.375372,-13,-132
452550500,22.5797505594,113.9264075389,3,5,279.003601,279.544898,75.499833,30,116
452550600,22.5797505596,113.9264074856,3,5,279.074036,279.329762,264.044642,-29,-278
452550700,22.5797505250,113.9264074502,3,5,279.152710,279.433173,279.651833,25,-147
452550800,22.5797504595,113.9264074618,3,5,279.208313,279.386484,92.028703,-13,367
452550900,22.5797504280,113.9264073763,3,5,279.250946,279.433173,247.306205,-46,-110
452551000,22.5797503798,113.9264073423,3,5,279.255646,279.159251,266.074092,-14,-204
452551100,22.5797503954,113.9264072882,3,5,279.235840,279.168153,0.000000,-23,-41
452551200,22.5797503630,113.9264073041,3,5,279.216827,279.112063,68.043598,77,191
452551300,22.5797503137,113.9264072258,3,5,279.187561,279.093033,0.000000,-25,19
452551400,22.5797503105,113.9264071462,3,5,279.200409,279.350882,0.000000,8,-6
452551500,22.5797502562,113.9264070532,3,5,279.247833,279.283166,0.000000,2,-40
452551600,22.5797502346,113.9264070183,3,5,279.269714,279.577627,264.737605,-14,-152
452551700,22.5797502192,113.9264069672,3,5,279.342560,279.584783,0.000000,-10,30
452551800,22.5797502587,113.9264069998,3,5,279.414703,279.643932,107.500861,-35,111
452551900,22.5797502796,113.9264068925,3,5,279.495117,279.643932,0.000000,57,24
452552000,22.5797502560,113.9264069120,3,5,279.540466,279.518723,0.000000,8,16
452552100,22.5797502548,113.9264068674,3,5,279.548309,279.452623,0.000000,-31,62
452552200,22.5797502712,113.9264069742,3,5,279.554657,279.511283,268.084467,-10,-299
452552300,22.5797501814,113.9264068544,3,5,279.493927,279.169456,84.735053,27,293
452552400,22.5797503053,113.9264068265,3,5,279.423492,278.988764,248.091295,-74,-184
452552500,22.5797503738,113.9264068290,3,5,279.343201,279.112063,50.300927,88,106
452552600,22.5797503310,113.9264067857,3,5,279.283325,279.064722,281.839568,74,-353
452552700,22.5797503098,113.9264068526,3,5,279.188721,278.759811,99.908037,-40,229
452552800,22.5797502949,113.9264068599,3,5,279.084900,278.902876,0.000000,-47,66
452552900,22.5797503211,113.9264068274,3,5,279.061005,279.303644,267.213466,-11,-226
452553000,22.5797503861,113.9264067348,3,5,279.097015,279.284214,78.593447,23,114
452553100,22.5797503958,113.9264068335,3,5,279.148560,279.486007,285.076875,66,-245
452553200,22.5797503794,113.9264067615,3,5,279.221497,279.572687,87.220833,5,103
452553300,22.5797503597,113.9264067836,3,5,279.318451,279.802889,0.000000,1,-32
452553400,22.5797503633,113.9264067513,3,5,279.447968,279.930779,91.397181,-6,246
452553500,22.5797503912,113.9264067370,3,5,279.540588,279.629168,0.000000,13,-70
452553600,22.5797503561,113.9264067713,3,5,279.577118,279.582243,277.683982,17,-126
452553700,22.5797503472,113.9264067501,3,5,279.588318,279.463869,87.907934,8,219
452553800,22.5797503105,113.9264066410,3,5,279.560791,279.321508,274.763642,9,-108
452553900,22.5797502937,113.9264067100,3,5,279.521088,279.462068,0.000000,-16,44
452554000,22.5797502627,113.9264066775,3,5,279.521729,279.496610,0.000000,22,-68
452554100,22.5797502268,113.9264067139,3,5,279.529846,279.535499,95.710593,-11,110
452554200,22.5797502780,113.9264066079,3,5,279.502991,279.262596,0.000000,-8,79
452554300,22.5797502307,113.9264065938,3,5,279.474335,279.518723,304.273706,92,-135
452554400,22.5797502873,113.9264066260,3,5,279.485779,279.499191,250.961960,-49,-142
452554500,22.5797502191,113.9264065901,3,5,279.490112,279.386484,65.056095,80,172
452554600,22.5797501829,113.9264065976,3,5,279.462585,279.273344,247.729732,-43,-105
452554700,22.5797501226,113.9264065842,3,5,279.412842,279.207006,265.601295,-13,-169
452554800,22.5797501506,113.9264066016,3,5,279.392120,279.792143,118.225334,-73,136
452554900,22.5797501387,113.9264065940,3,5,279.478943,279.805874,0.000000,49,-25
452555000,22.5797501811,113.9264065999,3,5,279.524506,279.472125,0.000000,13,17
452555100,22.5797501894,113.9264065833,3,5,279.540802,279.633621,0.000000,15,-67
452555200,22.5797501642,113.9264065626,3,5,279.589813,279.499191,270.556252,1,-103
452555300,22.5797502061,113.9264066397,3,5,279.585205,279.584783,248.728391,-51,-131
452555400,22.5797502391,113.9264066488,3,5,279.588684,279.538306,75.499833,45,174
452555500,22.5797502234,113.9264066561,3,5,279.536530,279.178363,0.000000,29,36
452555600,22.5797502403,113.9264067430,3,5,279.417572,279.017307,256.148581,-54,-219
452555700,22.5797501927,113.9264066938,3,5,279.319672,279.007997,87.219248,17,350
452555800,22.5797502484,113.9264066274,3,5,279.217590,278.811022,96.241914,-21,192
452555900,22.5797502445,113.9264066144,3,5,279.141022,279.045684,281.848266,60,-286
452556000,22.5797502337,113.9264065157,3,5,279.086578,278.857481,0.000000,-6,0
452556100,22.5797502875,113.9264065267,3,5,279.011444,278.876088,0.000000,-15,-63
452556200,22.5797502231,113.9264063984,3,5,278.976501,279.159251,0.000000,69,-19
452556300,22.5797502293,113.9264063479,3,5,279.035919,279.491678,0.000000,-67,66
452556400,22.5797502029,113.9264062436,3,5,279.125305,279.646511,277.815294,21,-153
452556500,22.5797502194,113.9264061811,3,5,279.233704,279.673233,0.000000,15,40
452556600,22.5797501538,113.9264061918,3,5,279.329010,279.673233,84.040161,19,182
452556700,22.5797501489,113.9264060957,3,5,279.419891,279.753090,0.000000,-44,24
452556800,22.5797501519,113.9264059785,3,5,279.513184,279.444898,0.000000,11,61
452556900,22.5797501978,113.9264059192,3,5,279.515717,279.503778,273.652223,9,-141
452557000,22.5797501409,113.9264059147,3,5,279.507507,279.320305,295.139432,84,-179
452557100,22.5797502002,113.9264057903,3,5,279.490326,279.405904,0.000000,-20,20
452557200,22.5797501060,113.9264058603,3,5,279.507874,279.367115,304.215702,68,-100
452557300,22.5797501651,113.9264058618,3,5,279.494171,279.545610,103.617756,-86,355
452557400,22.5797500958,113.9264058276,3,5,279.530182,279.706422,283.570434,63,-261
452557500,22.5797501095,113.9264057685,3,5,279.619904,279.953389,0.000000,-55,47
452557600,22.5797501167,113.9264058331,3,5,279.689026,279.847490,276.061789,12,-113
452557700,22.5797501147,113.9264057990,3,5,279.736420,279.699798,79.009134,47,242
452557800,22.5797501003,113.9264057534,3,5,279.742157,279.606852,100.721969,-32,169
452557900,22.5797500713,113.9264057772,3,5,279.725769,279.543294,266.623109,-19,-322
452558000,22.5797500797,113.9264058208,3,5,279.728729,279.672730,96.373639,-21,188
452558100,22.5797501512,113.9264057442,3,5,279.724304,279.508457,0.000000,-5,-14
452558200,22.5797501522,113.9264057069,3,5,279.694122,279.555788,0.000000,69,90
452558300,22.5797500531,113.9264057058,3,5,279.719849,279.874482,273.433630,18,-300
452558400,22.5797500435,113.9264056348,3,5,279.801514,280.090501,93.108031,-24,442
452558500,22.5797500313,113.9264055185,3,5,279.881195,280.029023,0.000000,32,-56
452558600,22.5797500198,113.9264055242,3,5,279.907013,279.719660,268.625165,-3,-125
452558700,22.5797500494,113.9264054130,3,5,279.906891,279.858038,0.000000,32,2
452558800,22.5797499504,113.9264054272,3,5,279.947418,279.812062,0.000000,61,-56
452558900,22.5797500064,113.9264054415,3,5,279.922760,279.499191,0.000000,-58,-22
452559000,22.5797500063,113.9264054252,3,5,279.830505,279.386484,0.000000,68,7
452559100,22.5797499762,113.9264053796,3,5,279.701233,279.112063,0.000000,22,93
452559200,22.5797499449,113.9264053408,3,5,279.609772,279.236004,264.907885,-18,-202
452559300,22.5797498663,113.9264053281,3,5,279.498383,278.893344,263.047043,-15,-123
452559400,22.5797498846,113.9264052675,3,5,279.340424,278.855718,100.210868,-29,161
452559500,22.5797498592,113.9264052129,3,5,279.204620,278.855718,0.000000,38,-79
452559600,22.5797498001,113.9264051892,3,5,279.098297,278.675927,0.000000,-4,-93
452559700,22.5797498038,113.9264051526,3,5,278.979919,279.007718,103.448615,-44,184
452559800,22.5797497505,113.9264051560,3,5,278.938599,278.998421,0.000000,17,-43
452559900,22.5797497903,113.9264051142,3,5,278.903748,278.960798,0.000000,-6,-75
452560000,22.5797497360,113.9264050242,3,5,278.933960,279.385015,0.000000,83,69
452560100,22.5797496890,113.9264050931,3,5,278.986938,279.443177,0.000000,-76,48
452560200,22.5797496998,113.9264049570,3,5,279.070343,279.595001,0.000000,-7,44
452560300,22.5797496894,113.9264048989,3,5,279.190460,279.842605,280.713123,21,-111
452560400,22.5797495897,113.9264049571,3,5,279.317902,279.776421,0.000000,-5,-83
452560500,22.5797496316,113.9264049851,3,5,279.456970,279.958198,103.091893,-50,215
452560600,22.5797495301,113.9264049342,3,5,279.571594,279.757179,0.000000,50,57
452560700,22.5797495690,113.9264049479,3,5,279.635406,279.797668,253.064598,-88,-289
452560800,22.5797496342,113.9264049271,3,5,279.684631,279.737016,0.000000,57,10
452560900,22.5797495845,113.9264049119,3,5,279.711945,279.622959,0.000000,53,61
452561000,22.5797496025,113.9264048339,3,5,279.705475,279.439390,244.554594,-59,-124
452561100,22.5797495516,113.9264048676,3,5,279.656799,279.352672,277.862546,29,-210
452561200,22.5797496094,113.9264047544,3,5,279.637665,279.610091,105.303347,-55,201
452561300,22.5797495620,113.9264047569,3,5,279.628967,279.427579,281.951875,29,-137
452561400,22.5797496476,113.9264048418,3,5,279.601105,279.590224,0.000000,-73,0
452561500,22.5797495987,113.9264048718,3,5,279.613678,279.643932,0.000000,88,85
452561600,22.5797496330,113.9264048898,3,5,279.628021,279.643932,112.322858,-62,151
452561700,22.5797496754,113.9264048336,3,5,279.678223,279.746045,85.003239,16,183
452561800,22.5797497564,113.9264047766,3,5,279.700836,279.640527,270.855097,3,-201
452561900,22.5797497904,113.9264048714,3,5,279.699005,279.660232,280.124672,50,-280
452562000,22.5797498328,113.9264049184,3,5,279.688782,279.545610,0.000000,4,96
452562100,22.5797499174,113.9264048829,3,5,279.661377,279.328530,0.000000,-8,64
452562200,22.5797499793,113.9264049853,3,5,279.588684,279.291573,276.640363,39,-335
452699800,22.5797454334,113.9264047608,3,6,-0.000916,0.000000,0.000000,0,0
452699900,22.5797454436,113.9264046897,3,6,279.954742,279.956886,0.000000,-69,68
452700000,22.5797453791,113.9264045981,3,6,279.943573,279.715832,0.000000,45,-71
452700100,22.5797453812,113.9264046471,3,6,279.925110,279.741615,240.255119,-64,-112
452700200,22.5797453682,113.9264045880,3,6,279.906067,279.720917,69.676863,40,108
452700300,22.5797453483,113.9264045321,3,6,279.881226,279.655232,0.000000,-6,-38
452700400,22.5797452730,113.9264045755,3,6,279.842194,279.471662,0.000000,12,-13
452700500,22.5797453069,113.9264045935,3,6,279.775421,279.174856,0.000000,-37,33
452700600,22.5797452637,113.9264045035,3,6,279.687256,279.322916,60.541595,61,108
452700700,22.5797452458,113.9264044723,3,6,279.614594,279.330939,0.000000,-54,-87
452700800,22.5797452651,113.9264043648,3,6,279.526245,279.156881,0.000000,-14,-16
452700900,22.5797452288,113.9264043779,3,6,279.436554,279.444597,271.444126,3,-119
452701000,22.5797452712,113.9264042640,3,6,279.414490,279.641466,0.000000,-34,6
452701100,22.5797452171,113.9264042619,3,6,279.430878,279.622084,0.000000,68,-41
452701200,22.5797452162,113.9264042561,3,6,279.467285,279.771391,0.000000,-11,19
452701300,22.5797451586,113.9264041843,3,6,279.474701,279.325696,0.000000,-3,7
452701400,22.5797451167,113.9264042212,3,6,279.424255,279.306670,0.000000,-43,-62
452701500,22.5797453062,113.9264042635,3,6,279.371460,279.213984,0.000000,0,96
452701600,22.5797452079,113.9264041273,3,6,279.270660,278.905463,357.510447,207,-9
452701700,22.5797451452,113.9264040911,3,6,279.159332,279.110908,219.588131,-104,-86
452701800,22.5797450745,113.9264040814,3,6,279.117340,279.176199,0.000000,-79,-88
452701900,22.5797451241,113.9264040843,3,6,279.103149,279.260401,0.000000,-66,26
452702000,22.5797451658,113.9264041423,3,6,279.158264,279.634660,0.000000,79,31
452702100,22.5797451383,113.9264041180,3,6,279.279297,280.054894,0.000000,55,18
452702200,22.5797451281,113.9264041200,3,6,279.451385,280.229830,0.000000,-30,-59
452702300,22.5797450708,113.9264040675,3,6,279.619141,280.149453,0.000000,-4,-20
452702400,22.5797450946,113.9264039869,3,6,279.757507,280.189538,0.000000,-59,-9
452702500,22.5797450789,113.9264039615,3,6,279.821808,279.960552,0.000000,31,-64
452702600,22.5797450474,113.9264040184,3,6,279.834625,279.240605,0.000000,-14,-14
452702700,22.5797450067,113.9264040216,3,6,279.729797,279.360744,0.000000,-11,80
452702800,22.5797450092,113.9264040302,3,6,279.639801,279.147452,0.000000,-24,0
452702900,22.5797450331,113.9264039998,3,6,279.504333,278.952766,0.000000,2,10
452703000,22.5797449964,113.9264040014,3,6,279.367798,278.869457,0.000000,41,1
452703100,22.5797450435,113.9264039976,3,6,279.260742,278.870370,0.000000,-23,-14
452703200,22.5797450051,113.9264039187,3,6,279.181061,279.193325,0.000000,88,43
452703300,22.5797449687,113.9264039322,3,6,279.219940,279.615689,246.118724,-58,-131
452703400,22.5797449943,113.9264039404,3,6,279.256989,279.808167,0.000000,-16,31
452703500,22.5797449156,113.9264039908,3,6,279.376129,279.936295,0.000000,54,52
452703600,22.5797449351,113.9264038843,3,6,279.492676,279.891718,0.000000,-49,65
452703700,22.5797449408,113.9264038279,3,6,279.589661,279.911237,0.000000,5,-49
452703800,22.5797448762,113.9264038523,3,6,279.727234,279.930805,0.000000,20,-45
452703900,22.5797448333,113.9264038683,3,6,279.787292,279.860686,0.000000,-54,62
452704000,22.5797449033,113.9264038666,3,6,279.814514,279.699125,0.000000,-14,30
452704100,22.5797448607,113.9264038479,3,6,279.754669,279.303709,0.000000,75,-66
452704200,22.5797448126,113.9264039158,3,6,279.671600,279.054559,0.000000,-23,-4
452704300,22.5797447784,113.9264038628,3,6,279.548157,279.219766,0.000000,-25,-3
452704400,22.5797447968,113.9264038760,3,6,279.481476,279.294497,0.000000,-15,-34
452704500,22.5797448039,113.9264038228,3,6,279.435577,279.313300,0.000000,34,-16
452704600,22.5797447118,113.9264038905,3,6,279.386383,279.324101,0.000000,29,-61
452704700,22.5797446807,113.9264039069,3,6,279.359375,279.287692,0.000000,-89,53
452704800,22.5797447319,113.9264038613,3,6,279.320892,279.176199,0.000000,24,57
452704900,22.5797446748,113.9264038051,3,6,279.318207,279.484734,288.681912,47,-139
452705000,22.5797446719,113.9264038192,3,6,279.282623,278.831799,0.000000,-32,0
452705100,22.5797445682,113.9264038219,3,6,279.175720,279.073479,0.000000,17,-13
452705200,22.5797446743,113.9264038001,3,6,279.138702,279.184906,0.000000,-88,22
452705300,22.5797446158,113.9264038451,3,6,279.150757,279.352792,343.835501,138,-40
452705400,22.5797445862,113.9264037970,3,6,279.183594,279.676834,0.000000,-39,47
452705500,22.5797445402,113.9264037090,3,6,279.280457,279.780665,0.000000,-20,-45
452705600,22.5797445093,113.9264037705,3,6,279.411499,280.004347,251.413073,-38,-113
452705700,22.5797445187,113.9264036870,3,6,279.543396,279.949989,0.000000,-8,68
452705800,22.5797445584,113.9264037562,3,6,279.641296,279.706448,0.000000,28,-51
452705900,22.5797445634,113.9264036967,3,6,279.673065,279.648216,0.000000,71,57
452706000,22.5797444719,113.9264036547,3,6,279.718170,279.935727,0.000000,18,-69
452706100,22.5797444458,113.9264036376,3,6,279.741119,279.583469,0.000000,-92,-81
452706200,22.5797444340,113.9264036233,3,6,279.681641,279.415757,0.000000,13,63
452706300,22.5797444614,113.9264035744,3,6,279.654968,279.757140,0.000000,6,-14
452706400,22.5797444389,113.9264035940,3,6,279.677002,279.596576,0.000000,29,-97
452706500,22.5797443515,113.9264036250,3,6,279.679169,279.669853,0.000000,-20,24
452706600,22.5797444445,113.9264036670,3,6,279.663818,279.358527,0.000000,-49,44
452706700,22.5797443968,113.9264036989,3,6,279.607300,279.460786,20.389165,113,42
452706800,22.5797443067,113.9264037065,3,6,279.585785,279.563512,0.000000,-29,-47
452706900,22.5797443765,113.9264037276,3,6,279.603210,279.721224,0.000000,-83,22
452707000,22.5797443407,113.9264037262,3,6,279.578735,279.529980,0.000000,92,-15
452707100,22.5797442390,113.9264038354,3,6,279.577454,279.660036,0.000000,-35,-41
452707200,22.5797443211,113.9264038585,3,6,279.607025,279.789939,131.760300,-100,112
452707300,22.5797442839,113.9264038886,3,6,279.604523,279.467277,3.058698,131,7
452707400,22.5797442595,113.9264038448,3,6,279.527557,279.064842,0.000000,-53,-22
452707500,22.5797442839,113.9264038597,3,6,279.409576,278.700638,0.000000,-16,-36
452707600,22.5797442708,113.9264038461,3,6,279.229004,278.706487,0.000000,18,-55
452707700,22.5797442278,113.9264039064,3,6,279.059875,278.499256,0.000000,27,76
452707800,22.5797442548,113.9264038850,3,6,278.884247,278.150669,0.000000,-52,44
452707900,22.5797442400,113.9264038740,3,6,278.706848,278.145409,0.000000,42,-74
452708000,22.5797441429,113.9264038657,3,6,278.700439,278.065009,0.000000,19,34
452708100,22.5797442000,113.9264039294,3,6,278.334198,277.846638,0.000000,-87,-21
452708200,22.5797441703,113.9264039279,3,6,278.255402,277.267871,0.000000,76,48
452708300,22.5797441251,113.9264039053,3,6,278.248077,276.483265,0.000000,-8,33
452708400,22.5797442016,113.9264038758,3,6,277.284821,276.552778,0.000000,-35,-22
452708500,22.5797441282,113.9264038695,3,6,276.998962,276.611212,0.000000,76,-53
452708600,22.5797440674,113.9264038953,3,6,276.833435,277.073673,0.000000,-76,-17
452708700,22.5797441922,113.9264038847,3,6,276.808838,277.722503,0.000000,-48,83
452708800,22.5797440924,113.9264038531,3,6,276.966064,278.385745,352.046918,136,-19
452708900,22.5797441537,113.9264037571,3,6,277.215332,279.176199,0.000000,-88,69
452709000,22.5797440926,113.9264038092,3,6,277.585388,279.166155,0.000000,66,-97
452709100,22.5797440488,113.9264038319,3,6,277.911957,279.267488,0.000000,-62,-3
452709200,22.5797440828,113.9264037349,3,6,278.203949,279.259165,0.000000,-29,65
452709300,22.5797441425,113.9264037846,3,6,278.472931,279.492162,285.086354,31,-115
452709400,22.5797440164,113.9264038501,3,6,278.719452,279.389000,0.000000,63,29
452709500,22.5797440006,113.9264038515,3,6,278.906860,279.370002,141.745580,-104,82
452709600,22.5797441423,113.9264038078,3,6,279.072632,279.561350,0.000000,-16,-32
452709700,22.5797441051,113.9264038514,3,6,279.262329,279.699125,342.155708,146,-47
452709800,22.5797440665,113.9264038331,3,6,279.436646,279.737752,0.000000,-18,35
452709900,22.5797440295,113.9264038490,3,6,279.559692,279.358527,0.000000,-42,-39
452710000,22.5797440500,113.9264037562,3,6,279.603729,279.506191,0.000000,-23,35
452710100,22.5797440485,113.9264038797,3,6,279.678833,279.753208,0.000000,27,-85
452710200,22.5797440828,113.9264037912,3,6,279.740387,279.525249,80.302620,27,158
452710300,22.5797440422,113.9264037849,3,6,279.741241,278.897653,0.000000,54,-56
452710400,22.5797439929,113.9264037889,3,6,279.616913,278.943995,0.000000,-13,17
452710500,22.5797439741,113.9264037710,3,6,279.514709,278.925687,0.000000,-47,-40
452710600,22.5797439171,113.9264037415,3,6,279.423309,278.943995,0.000000,11,-5
452710700,22.5797439994,113.9264037847,3,6,279.390869,279.054659,0.000000,-54,-25
452710800,22.5797439664,113.9264038180,3,6,279.338928,279.073122,5.710593,130,13
452710900,22.5797440613,113.9264037532,3,6,279.337799,279.477998,92.101654,-4,109
452711000,22.5797439343,113.9264037372,3,6,279.419098,279.718414,308.722702,89,-111
452711100,22.5797439080,113.9264037527,3,6,279.520630,279.866492,186.566299,-139,-16
452711200,22.5797439319,113.9264036687,3,6,279.640503,280.112872,0.000000,1,50
452711300,22.5797438901,113.9264036828,3,6,279.742035,279.699125,0.000000,28,-39
452711400,22.5797439563,113.9264036977,3,6,279.775909,279.608859,0.000000,-36,4
452711500,22.5797440135,113.9264035684,3,6,279.828430,279.474800,0.000000,76,78
452711600,22.5797440210,113.9264034409,3,6,279.811157,279.392434,288.066492,61,-187
452711700,22.5797439457,113.9264032015,3,6,279.731171,278.970599,273.930176,9,-131
452711800,22.5797438768,113.9264030914,3,6,279.565216,278.602978,250.773555,-98,-281
452711900,22.5797438351,113.9264026731,3,6,279.281647,277.695573,237.407419,-78,-122
452712000,22.5797436316,113.9264023117,3,6,278.939331,277.377480,263.633331,-53,-475
452712100,22.5797438042,113.9264019429,3,6,278.573303,277.051552,237.600160,-198,-312
452712200,22.5797438850,113.9264016683,3,6,278.203186,276.983233,290.658910,161,-427
452712300,22.5797441253,113.9264010039,3,6,277.955658,277.570063,32.292886,125,79
452712400,22.5797440703,113.9264000922,3,6,277.861755,278.339979,294.816685,283,-612
452712500,22.5797440242,113.9263994726,3,6,277.997681,278.914175,265.242622,-63,-757
452712600,22.5797441754,113.9263987425,3,6,278.292633,279.637217,266.113595,-50,-736
452712700,22.5797443919,113.9263977475,3,6,278.645477,279.949879,283.134022,196,-840
452712800,0.0000000000,0.0000000000,0,0,278.893585,279.893886,280.347069,218,-1194
452712900,0.0000000000,0.0000000000,0,0,279.144073,279.472125,0.000000,0,0
452713000,0.0000000000,0.0000000000,0,0,279.234314,279.351052,0.000000,0,0
452713100,0.0000000000,0.0000000000,0,0,279.195831,278.684726,0.000000,0,0
452713200,0.0000000000,0.0000000000,0,0,279.003662,277.158511,0.000000,0,0
452713300,0.0000000000,0.0000000000,0,0,278.556091,277.173911,0.000000,0,0
452713400,0.0000000000,0.0000000000,0,0,278.276764,277.542721,0.000000,0,0
452713500,0.0000000000,0.0000000000,0,0,278.086151,277.800144,0.000000,0,0
452713600,0.0000000000,0.0000000000,0,0,278.100555,279.385632,0.000000,0,0
452713700,0.0000000000,0.0000000000,0,0,278.374573,280.084828,0.000000,0,0
452713800,0.0000000000,0.0000000000,0,0,278.836945,281.045471,0.000000,0,0
452713900,0.0000000000,0.0000000000,0,0,279.474518,281.910372,0.000000,0,0
452714000,0.0000000000,0.0000000000,0,0,280.151855,282.145551,0.000000,0,0
452714100,0.0000000000,0.0000000000,0,0,280.749512,282.649274,0.000000,0,0
452714200,0.0000000000,0.0000000000,0,0,281.344849,282.786721,0.000000,0,0
452714300,0.0000000000,0.0000000000,0,0,281.797028,282.387163,0.000000,0,0
452714400,0.0000000000,0.0000000000,0,0,282.084839,281.403588,0.000000,0,0
452714500,0.0000000000,0.0000000000,0,0,282.114868,281.171397,0.000000,0,0
452714600,0.0000000000,0.0000000000,0,0,282.083466,281.160147,0.000000,0,0
452714700,0.0000000000,0.0000000000,0,0,281.983154,280.756820,0.000000,0,0
452714800,0.0000000000,0.0000000000,0,0,281.676880,279.231716,0.000000,0,0
452714900,0.0000000000,0.0000000000,0,0,281.215637,278.743184,0.000000,0,0
452715000,0.0000000000,0.0000000000,0,0,280.708527,278.722923,0.000000,0,0
452715100,0.0000000000,0.0000000000,0,0,280.338470,279.209652,0.000000,0,0
452715200,0.0000000000,0.0000000000,0,0,280.204956,280.678549,0.000000,0,0
452715300,0.0000000000,0.0000000000,0,0,280.348785,281.626726,0.000000,0,0
452715400,0.0000000000,0.0000000000,0,0,280.721405,282.678755,0.000000,0,0
452715500,0.0000000000,0.0000000000,0,0,281.280914,283.367492,0.000000,0,0
452715600,0.0000000000,0.0000000000,0,0,281.930481,284.076790,0.000000,0,0
452715700,0.0000000000,0.0000000000,0,0,282.497314,284.062436,0.000000,0,0
452715800,0.0000000000,0.0000000000,0,0,282.976593,283.710276,0.000000,0,0
452715900,0.0000000000,0.0000000000,0,0,283.221069,283.246973,0.000000,0,0
452716000,22.5797469576,113.9263696114,3,5,283.428894,283.015542,0.000000,0,0
452716100,22.5797458397,113.9263687278,3,6,283.492218,283.046314,318.039178,1200,-1079
452716200,22.5797470004,113.9263682829,3,6,283.558655,283.230687,290.264727,295,-799
452716300,22.5797483968,113.9263678672,3,6,283.602661,282.979244,274.875986,54,-633
452716400,22.5797484253,113.9263670011,3,6,283.569061,282.581782,327.729912,776,-490
452716500,22.5797476291,113.9263663159,3,5,283.430450,281.844141,284.927774,261,-979
452716600,22.5797471319,113.9263657361,3,5,283.083740,280.941561,248.488100,-283,-718
452716700,22.5797467876,113.9263644598,3,5,282.587860,280.378029,235.309599,-434,-627
452716800,22.5797479503,113.9263640436,3,5,281.987457,279.053934,198.596533,-3082,-1037
452716900,22.5797476498,113.9263635224,3,5,281.293915,279.143047,325.866101,652,-442
452717000,22.5797469473,113.9263627038,3,5,280.708618,279.108314,230.395265,-489,-591
452717100,22.5797462567,113.9263620655,3,5,280.290131,279.551455,324.796067,1647,-1162
452717200,22.5797469335,113.9263613931,3,5,280.151154,281.411172,296.869813,380,-750
452717300,22.5797481708,113.9263608476,3,5,280.348663,282.495758,321.288535,811,-650
452717400,22.5797476802,113.9263601409,3,5,280.818420,283.453794,219.659259,-386,-320
452717500,22.5797474604,113.9263596094,3,5,281.482574,284.479083,193.218931,-2367,-556
452717600,22.5797475701,113.9263590546,3,5,282.290070,285.583183,327.875002,1290,-810
452717700,22.5797480995,113.9263585838,3,5,283.076569,285.458151,305.901401,451,-623
452717800,22.5797493523,113.9263580428,3,6,283.709198,285.389243,320.605828,565,-464
452717900,22.5797496790,113.9263573772,3,6,284.171082,285.020740,201.507021,-807,-318
452718000,22.5797494943,113.9263569245,3,6,284.468872,284.385516,209.407189,-935,-527
452718100,22.5797495788,113.9263563884,3,6,284.612427,284.249816,325.108767,955,-666
452718200,22.5797496311,113.9263559822,3,6,284.690002,284.239586,334.617879,1644,-780
452718300,22.5797497206,113.9263553046,3,6,284.809967,284.760026,200.890825,-786,-300
452718400,22.5797496095,113.9263549188,3,6,284.978943,285.556045,325.385887,1288,-889
452718500,22.5797495814,113.9263545656,3,6,285.263062,285.700807,191.569269,-1231,-252
452718600,22.5797494703,113.9263541990,3,6,285.519379,285.871254,190.596262,-1331,-249
452718700,22.5797495214,113.9263538545,3,6,285.799133,286.104178,232.989327,-294,-390
452718800,22.5797496810,113.9263535417,3,6,286.017517,285.546865,326.942393,716,-466
452718900,22.5797499505,113.9263530016,3,6,286.051270,284.936401,306.976346,259,-344
452719000,22.5797497535,113.9263526994,3,6,285.908783,284.544148,331.681197,1325,-714
452719100,22.5797495574,113.9263524326,3,6,285.592072,283.606901,293.847754,164,-371
452719200,22.5797494673,113.9263521433,3,6,285.150024,282.494613,302.090666,227,-362
452719300,22.5797490076,113.9263519912,3,6,284.692169,281.751795,328.197473,687,-426
452719400,22.5797486954,113.9263517208,3,6,283.894043,281.495652,320.663706,399,-327
452719500,22.5797486198,113.9263514884,3,6,283.239655,281.120966,277.377419,47,-363
452719600,22.5797488637,113.9263512072,3,6,282.597992,280.376251,201.740152,-484,-193
452719700,22.5797485980,113.9263509819,3,6,282.066315,280.226634,285.919388,83,-291
452719800,22.5797479425,113.9263502943,3,6,281.466461,279.955243,266.861117,-17,-310
452719900,22.5797480381,113.9263501258,3,6,280.937866,280.152611,276.109317,35,-327
452720000,22.5797484599,113.9263502362,3,6,280.537415,280.171580,273.936166,15,-218
452720100,22.5797483685,113.9263500986,3,6,280.184357,279.926152,22.916903,123,52
452720200,22.5797483260,113.9263500662,3,6,279.891296,280.167254,282.380757,36,-164
452720300,22.5797484060,113.9263498366,3,6,279.705353,280.197003,292.180344,53,-130
452720400,22.5797483023,113.9263497673,3,6,279.604553,280.333285,288.183653,45,-137
452720500,22.5797481777,113.9263496951,3,6,279.588867,280.524111,271.877877,6,-183
452720600,22.5797480466,113.9263496797,3,6,279.605988,280.822221,272.663001,6,-129
452720700,22.5797478949,113.9263496781,3,6,279.713531,281.095055,280.491477,20,-108
452720800,22.5797477534,113.9263495613,3,6,279.904358,281.383558,0.000000,46,-99
452720900,22.5797477124,113.9263497327,3,6,280.078003,281.633982,276.508956,17,-149
452721000,22.5797475841,113.9263496631,3,6,280.331940,281.906806,0.000000,35,-42
452721100,22.5797474657,113.9263496165,3,6,280.618958,282.113622,264.732303,-13,-141
452721200,22.5797473072,113.9263495575,3,6,280.953491,282.482901,262.359593,-22,-164
452721300,22.5797472766,113.9263494830,3,6,281.299744,282.416649,234.782407,-96,-136
452721400,22.5797473307,113.9263495252,3,6,281.572418,282.834090,0.000000,23,-60
452721500,22.5797472866,113.9263493131,3,6,281.913513,283.189046,0.000000,46,-22
452721600,22.5797473344,113.9263492954,3,6,282.260834,283.291807,252.431462,-101,-319
452721700,22.5797474015,113.9263493936,3,6,282.583771,283.617336,0.000000,16,-61
452721800,22.5797473880,113.9263492313,3,6,282.905518,283.564871,0.000000,6,74
452721900,22.5797474002,113.9263492310,3,6,283.163849,283.701077,248.141180,-69,-172
452722000,22.5797474168,113.9263492156,3,6,283.438232,283.996971,0.000000,-24,6
452722100,22.5797474548,113.9263491550,3,6,283.645813,283.538277,0.000000,-27,-33
452722200,22.5797474579,113.9263491652,3,6,283.756714,283.752428,0.000000,50,-24
452722300,22.5797475372,113.9263490753,3,6,283.870026,283.658266,0.000000,-77,-6
452722400,22.5797477831,113.9263491885,3,6,283.933350,283.600816,256.192481,-29,-118
452722500,22.5797478837,113.9263491588,3,6,283.959534,283.223406,53.471145,120,162
452722600,22.5797480402,113.9263491056,3,6,283.906219,283.412123,0.000000,-61,-36
452722700,22.5797480606,113.9263490104,3,6,283.898315,283.496686,0.000000,25,-18
452722800,22.5797482634,113.9263490493,3,6,283.899017,283.538745,216.187098,-149,-109
452722900,22.5797483464,113.9263489048,3,6,283.868469,283.418768,0.000000,86,83
452723000,22.5797485050,113.9263488824,3,6,283.846375,283.632107,239.913495,-73,-126
452723100,22.5797486277,113.9263489192,3,6,283.850555,283.538277,0.000000,92,71
452723200,22.5797487849,113.9263489594,3,6,283.842682,283.589663,0.000000,-6,46
452723300,22.5797488580,113.9263488572,3,6,283.782928,283.377120,0.000000,27,51
452723400,22.5797489397,113.9263487690,3,6,283.724884,283.257862,0.000000,-67,-93
452723500,22.5797491102,113.9263488442,3,6,283.651581,283.241165,0.000000,-44,-57
452723600,22.5797491463,113.9263487250,3,6,283.628326,283.558193,55.553874,107,156
452723700,22.5797491873,113.9263486805,3,6,283.621063,283.558754,0.000000,-14,-45
452723800,22.5797492107,113.9263485952,3,6,283.625977,283.585023,0.000000,-62,-75
452723900,22.5797493029,113.9263486309,3,6,283.645752,283.690820,247.344767,-48,-115
452724000,22.5797493710,113.9263486243,3,6,283.683716,283.770933,0.000000,77,99
452724100,22.5797493819,113.9263485817,3,6,283.737976,283.796121,0.000000,47,27
452724200,22.5797494428,113.9263487013,3,6,283.756897,283.542801,0.000000,-61,-98
452724300,22.5797494058,113.9263485223,3,6,283.702209,283.258976,71.565051,59,177
452724400,22.5797495588,113.9263485695,3,6,283.637360,283.386324,249.802660,-71,-193
452724500,22.5797496746,113.9263485347,3,6,283.621460,283.470482,68.051301,54,134
452724600,22.5797497952,113.9263485474,3,6,283.595459,283.470323,0.000000,17,-31
452724700,22.5797498574,113.9263485621,3,6,283.591522,283.683372,0.000000,38,19
452724800,22.5797498965,113.9263484853,3,6,283.660339,284.006628,0.000000,-22,-1
452724900,22.5797499573,113.9263485582,3,6,283.753448,284.209169,0.000000,-17,-87
452725000,22.5797500281,113.9263485220,3,6,283.874512,284.127722,61.504361,57,105
452725100,22.5797500756,113.9263482541,3,6,283.940338,284.249372,0.000000,20,-37
452725200,22.5797501829,113.9263482300,3,6,284.065918,284.344329,256.768985,-79,-336
452725300,22.5797501607,113.9263479863,3,6,284.111694,283.982519,0.000000,45,-28
452725400,22.5797503167,113.9263478665,3,6,284.136292,283.632107,250.232831,-92,-256
452725500,22.5797504630,113.9263478034,3,6,284.067993,283.858389,305.716447,87,-121
452725600,22.5797505804,113.9263474710,3,6,284.086548,284.070887,347.035491,139,-32
452725700,22.5797507558,113.9263472535,3,6,284.177429,284.437153,296.143766,134,-273
452725800,22.5797508374,113.9263469173,3,6,284.363647,285.431703,321.072456,208,-168
452725900,22.5797509575,113.9263464595,3,6,284.701843,286.206101,284.743563,85,-323
452726000,22.5797510749,113.9263461424,3,6,285.188080,286.878193,273.452174,26,-431
452726100,22.5797511518,113.9263458048,3,6,285.717224,287.184991,291.250506,112,-288
452726200,22.5797511919,113.9263453816,3,6,286.201019,287.360005,290.695451,119,-315
452726300,22.5797512198,113.9263449559,3,6,286.611572,287.059994,274.257626,37,-497
452726400,22.5797512596,113.9263445197,3,6,286.842438,286.639791,280.689604,84,-445
452726500,22.5797512136,113.9263439720,3,6,286.912598,286.235291,277.043321,64,-518
452726600,22.5797511644,113.9263432780,3,6,286.759857,284.933290,268.325677,-19,-650
452726700,22.5797511713,113.9263427928,3,6,286.422119,284.354522,275.911924,70,-676
452726800,22.5797513181,113.9263423519,3,6,285.964722,283.941611,284.361938,127,-496
452726900,22.5797514334,113.9263417930,3,6,285.457886,283.374574,299.357754,243,-432
452727000,22.5797514069,113.9263411977,3,6,285.020203,283.761489,279.462322,112,-672
452727100,22.5797513215,113.9263402766,3,6,284.692169,284.232459,267.910405,-27,-740
452727200,22.5797513823,113.9263397281,3,6,284.542969,284.572047,268.894041,-15,-777
452727300,22.5797514168,113.9263389756,3,6,284.472137,284.634515,299.222908,226,-404
452727400,22.5797517480,113.9263383952,3,6,284.471924,284.543352,276.017067,78,-740
452727500,22.5797518088,113.9263377129,3,6,284.384491,284.112881,299.504144,378,-668
452727600,22.5797517072,113.9263368599,3,6,284.175354,283.215239,279.408762,115,-694
452727700,22.5797517522,113.9263360837,3,6,283.755188,282.448996,263.979344,-81,-768
452727800,22.5797519230,113.9263350577,3,6,283.113007,280.048102,271.311361,19,-830
452727900,22.5797521853,113.9263344355,3,6,282.226624,279.345029,279.362922,185,-1122
452728000,22.5797522703,113.9263334423,3,6,281.326965,279.275464,303.023868,377,-580
452728100,22.5797519391,113.9263322133,3,6,280.503235,279.063203,274.919279,97,-1127
452728200,22.5797519741,113.9263312898,3,6,279.813690,279.875682,256.740868,-283,-1201
452728300,22.5797522908,113.9263306348,3,6,279.467407,281.073106,279.586991,151,-894
452728400,22.5797524280,113.9263297342,3,6,279.481720,282.041040,302.244301,434,-688
452728500,22.5797525330,113.9263288134,3,6,279.820587,283.070481,277.288952,132,-1032
452728600,22.5797522533,113.9263277894,3,6,280.267029,283.312260,299.607372,383,-674
452728700,22.5797523682,113.9263266820,3,6,280.690491,283.652290,248.250368,-533,-1336
452728800,22.5797527445,113.9263259329,3,6,281.158356,283.981960,283.385035,247,-1038
452728900,22.5797530512,113.9263253380,3,6,281.608978,283.919337,305.167643,508,-721
452729000,22.5797531348,113.9263242078,3,6,281.824524,282.292805,289.214747,260,-746
452729100,22.5797530275,113.9263229932,3,6,281.774536,281.633042,276.709837,146,-1241
452729200,22.5797529258,113.9263219499,3,6,281.565826,281.061708,270.994618,20,-1152
452729300,22.5797529702,113.9263206522,3,6,281.229919,280.423131,258.777929,-224,-1129
452729400,22.5797532035,113.9263197766,3,6,280.717773,278.189469,270.813563,19,-1338
452729500,22.5797536014,113.9263185812,3,6,279.910858,277.416527,282.436053,202,-916
452729600,22.5797535693,113.9263172908,3,6,279.151581,277.433091,284.642636,336,-1286
452729700,22.5797535733,113.9263161312,3,6,278.556396,277.831984,270.574855,12,-1196
452729800,22.5797540333,113.9263151556,3,6,278.202637,278.851924,265.533605,-91,-1165
452729900,22.5797542253,113.9263138725,3,6,278.098236,279.026958,298.391689,487,-901
452730000,22.5797543592,113.9263128358,3,6,278.076569,279.591879,273.143521,72,-1311
452730100,22.5797546400,113.9263115905,3,6,278.221466,279.846024,265.763605,-86,-1161
452730200,22.5797548030,113.9263103151,3,6,278.411835,279.872134,284.843814,313,-1181
452730300,22.5797547879,113.9263090156,3,6,278.540314,279.262596,271.032649,23,-1276
452730400,22.5797549711,113.9263079920,3,6,278.459076,278.484868,265.700450,-103,-1370
452730500,22.5797549899,113.9263067087,3,6,278.185364,277.534023,276.546291,119,-1037
452730600,22.5797548576,113.9263054396,3,6,277.801331,276.893980,265.252631,-121,-1457
452730700,22.5797549040,113.9263043782,3,6,277.432373,276.604762,264.043244,-137,-1313
452730800,22.5797547115,113.9263031454,3,6,276.981628,275.986456,280.319418,189,-1038
452730900,22.5797550051,113.9263019143,3,6,276.592957,275.605945,259.996969,-233,-1321
452731000,22.5797551357,113.9263007381,3,6,276.172943,275.674848,292.732680,468,-1117
452731100,22.5797551781,113.9262995746,3,6,275.974091,276.697348,277.937188,174,-1248
452731200,22.5797552377,113.9262985788,3,6,276.002808,276.712015,270.706696,14,-1135
452731300,22.5797550855,113.9262974820,3,6,276.053192,276.685756,265.983286,-83,-1182
452731400,22.5797552884,113.9262962170,3,6,276.127655,276.581254,259.673790,-215,-1180
452731500,22.5797553190,113.9262951771,3,6,276.264679,276.877967,279.022031,208,-1310
452731600,22.5797552297,113.9262939670,3,6,276.374817,276.502432,272.737630,46,-962
452731700,22.5797555191,113.9262931410,3,6,276.309570,275.590824,262.064450,-184,-1320
452731800,22.5797559537,113.9262920103,3,6,276.037231,274.884124,287.011279,283,-925
452731900,22.5797567239,113.9262906749,3,6,275.707092,274.243749,266.212777,-75,-1133
452732000,22.5797568650,113.9262894771,3,6,275.330597,274.179263,295.956982,664,-1364
452732100,22.5797573613,113.9262885162,3,6,274.943054,273.698226,214.029356,-1475,-996
452732200,22.5797563918,113.9262873591,3,6,274.551666,273.489873,289.973868,362,-996
452732300,22.5797553076,113.9262861846,3,6,274.216156,274.155947,300.434236,846,-1440
452732400,22.5797559283,113.9262851330,3,6,274.097168,274.743367,229.024105,-1077,-1240
452732500,22.5797559100,113.9262839134,3,6,274.150055,275.109015,229.126891,-778,-899
452732600,22.5797553896,113.9262825057,3,5,274.275696,275.457917,286.339534,382,-1303
452732700,22.5797563392,113.9262815462,3,5,274.409119,275.404191,218.579712,-1572,-1254
452732800,22.5797558347,113.9262802675,3,6,274.545776,275.556920,284.667465,262,-1001
452732900,22.5797547172,113.9262787868,3,6,274.612244,274.964581,331.650203,3273,-1766
452733000,22.5797560974,113.9262775403,3,5,274.451294,273.878262,205.248042,-2763,-1303
452733100,22.5797550229,113.9262762507,3,5,274.035156,272.020451,332.969140,3087,-1575
452733200,22.5797538227,113.9262750351,3,6,273.367706,271.416896,216.010027,-1768,-1285
452733300,22.5797536592,113.9262735784,3,6,272.674377,271.062120,193.477954,-3413,-818
452733400,22.5797532961,113.9262723846,3,6,272.006287,270.908068,273.794099,101,-1523
452733500,22.5797531893,113.9262708069,3,6,271.436188,271.209147,303.072620,941,-1445
452733600,22.5797533548,113.9262695657,3,6,271.098907,272.004044,322.003512,2477,-1935
452733700,22.5797520667,113.9262684202,3,6,271.012878,272.256262,307.714573,1054,-1363
452733800,22.5797516915,113.9262669057,3,6,271.037170,272.442268,201.894034,-2558,-1028
452733900,22.5797512883,113.9262653660,3,6,271.140259,273.510752,250.853679,-543,-1564
452734000,22.5797515230,113.9262639064,3,6,271.463531,273.611758,262.172634,-226,-1644
452734100,22.5797519782,113.9262627391,3,6,271.709656,272.975786,268.610146,-37,-1525
452734200,22.5797506211,113.9262614100,3,6,271.688416,272.096426,318.904129,1714,-1495
452734300,22.5797510701,113.9262600416,3,6,271.505524,270.556112,244.607694,-684,-1441
452734400,22.5797503431,113.9262585285,3,6,271.106384,270.064569,204.168023,-2195,-985
452734500,22.5797506329,113.9262569546,3,6,270.761536,270.099501,308.005956,1323,-1693
452734600,22.5797503954,113.9262556351,3,6,270.451538,270.008068,305.843702,1249,-1729
452734700,22.5797509023,113.9262542908,3,6,270.260193,270.499574,220.106828,-1490,-1255
452734800,22.5797518699,113.9262526788,3,6,270.170807,270.032296,274.735583,112,-1352
452734900,22.5797517081,113.9262514096,3,6,270.051788,269.724289,326.643095,2988,-1967
452735000,22.5797528498,113.9262498214,3,6,269.984131,270.265563,207.969843,-2030,-1078
452735100,22.5797527600,113.9262482736,3,6,270.102570,270.609274,332.209048,3569,-1881
452735200,22.5797518638,113.9262468683,3,6,270.141632,269.668029,209.752989,-2283,-1305
452735300,22.5797523301,113.9262453517,3,6,269.900238,268.809011,198.141433,-3461,-1134
452735400,22.5797517756,113.9262438221,3,6,269.551239,268.585771,271.764122,47,-1526
452735500,22.5797529438,113.9262424252,3,6,269.258148,268.798334,262.887860,-205,-1643
452735600,22.5797527668,113.9262409320,3,6,269.058929,269.204247,322.683982,2002,-1526
452735700,22.5797520281,113.9262396874,3,6,269.020508,269.637509,271.410941,40,-1624
452735800,22.5797516707,113.9262381326,3,6,269.074493,269.894445,243.398754,-634,-1266
452735900,22.5797519798,113.9262365644,3,6,269.165649,269.963655,218.778376,-1765,-1418
452736000,22.5797524424,113.9262350065,3,6,269.267242,270.414221,312.871689,1697,-1828
452736100,22.5797527464,113.9262334929,3,6,269.432983,270.605671,273.266349,90,-1577
452736200,22.5797521286,113.9262321302,3,6,269.541382,270.242722,335.366868,4124,-1891
452736300,22.5797519056,113.9262305881,3,6,269.444031,269.273775,192.163356,-4505,-971
452736400,22.5797504391,113.9262289925,3,6,269.135834,267.376411,325.529435,2820,-1936
452736500,22.5797509618,113.9262274705,3,6,268.609436,267.385944,243.555346,-853,-1715
452736600,22.5797498660,113.9262259439,3,6,268.185608,267.392342,199.784158,-3033,-1091
452736700,22.5797507867,113.9262243970,3,6,267.831207,267.506521,228.087334,-1412,-1573
452736800,22.5797502610,113.9262227691,3,6,267.598572,267.161264,324.491630,2405,-1716
452736900,22.5797502762,113.9262212988,3,6,267.234253,266.807571,285.335178,498,-1816
452737000,0.0000000000,0.0000000000,0,0,266.974792,266.692524,316.209834,1789,-1715
452737100,0.0000000000,0.0000000000,0,0,266.817688,267.273424,0.000000,0,0
452737200,0.0000000000,0.0000000000,0,0,266.719086,266.872315,0.000000,0,0
452737300,0.0000000000,0.0000000000,0,0,266.553375,265.893972,0.000000,0,0
452737400,0.0000000000,0.0000000000,0,0,266.214874,265.077010,0.000000,0,0
452737500,0.0000000000,0.0000000000,0,0,265.852020,265.487197,0.000000,0,0
452737600,22.5797473754,113.9262099995,3,6,265.740082,266.364843,0.000000,0,0
452737700,22.5797460087,113.9262082250,3,6,265.790771,265.828198,195.913380,-3546,-1011
452737800,22.5797457768,113.9262067132,3,6,265.705444,265.359592,328.376646,3831,-2359
452737900,22.5797452352,113.9262049174,3,6,265.546753,265.154797,196.973335,-4079,-1245
452738000,22.5797455180,113.9262032696,3,6,265.432739,265.437442,316.205320,2111,-2024
452738100,22.5797444953,113.9262014760,3,6,265.399384,265.216432,221.710757,-1748,-1558
452738200,22.5797448988,113.9261998602,3,6,265.285889,264.806172,214.392852,-2463,-1686
452738300,22.5797442311,113.9261983474,3,6,265.065918,263.910266,303.812674,1154,-1723
452738400,22.5797432391,113.9261964797,3,6,264.889648,265.293521,320.626226,2364,-1940
452738500,22.5797434898,113.9261949180,3,6,265.058502,265.974784,212.631605,-2630,-1684
452738600,22.5797413590,113.9261932525,3,6,265.310333,265.915875,334.418802,4487,-2148
452738700,22.5797409106,113.9261915704,3,6,265.532623,265.870173,193.847503,-5290,-1304
452738800,22.5797417517,113.9261902306,3,6,265.644745,265.963821,281.611892,382,-1859
452738900,22.5797407859,113.9261883213,3,6,265.826843,266.375079,330.657618,2832,-1592
452739000,22.5797428349,113.9261866608,3,6,266.101654,266.335209,279.954288,374,-2131
452739100,22.5797400329,113.9261849322,3,6,266.265228,265.820386,277.821352,200,-1456
452739200,22.5797386866,113.9261833338,3,6,266.213898,265.135314,227.818486,-1825,-2014
452739300,22.5797405582,113.9261815554,3,6,266.219543,266.445583,197.348442,-4091,-1278
452739400,22.5797411608,113.9261800115,3,6,266.601166,267.997291,334.565275,4586,-2181
452739500,22.5797407229,113.9261782836,3,5,267.167267,268.164942,238.861676,-815,-1349
452739600,22.5797397297,113.9261768339,3,6,267.612732,268.367047,257.600747,-412,-1874
452739700,22.5797391221,113.9261750471,3,6,268.040283,268.762447,206.492075,-2514,-1253
452739800,22.5797395148,113.9261733971,3,5,268.473541,269.126672,326.440246,3455,-2292
452739900,22.5797395673,113.9261717025,3,6,268.980743,269.685900,297.992495,969,-1823
452740000,22.5797402575,113.9261700461,3,6,269.221954,268.067844,219.705458,-1804,-1498
452740100,22.5797401921,113.9261685480,3,6,269.250610,268.142757,279.822596,281,-1623
452740200,22.5797403203,113.9261667577,3,6,269.283691,268.895302,249.194583,-554,-1458
452740300,22.5797406166,113.9261652487,3,6,269.515320,269.543758,309.958465,1664,-1986
452740400,22.5797402520,113.9261633772,3,6,269.754639,270.111741,218.435387,-1749,-1388
452740500,22.5797396058,113.9261619406,3,6,270.011444,269.662252,249.457175,-712,-1900
452740600,22.5797397928,113.9261603718,3,6,270.102295,270.183530,302.353272,1037,-1637
452740700,22.5797391733,113.9261587883,3,6,270.265350,270.542992,320.139757,2163,-1806
452740800,22.5797403129,113.9261570607,3,6,270.452240,270.439422,205.683030,-2880,-1385
452740900,22.5797408706,113.9261554975,3,6,270.539490,269.820311,319.908096,2156,-1815
452741000,22.5797407610,113.9261538065,3,6,270.407928,269.468338,270.182122,5,-1573
452741100,22.5797397952,113.9261524174,3,6,270.315826,269.826691,225.588383,-1542,-1574
452741200,22.5797398811,113.9261508198,3,6,270.466705,271.423470,226.155900,-1384,-1441
452741300,22.5797388721,113.9261492604,3,6,270.762878,271.825940,266.141537,-104,-1542
452741400,22.5797399165,113.9261475512,3,6,271.060211,271.717097,313.452616,1945,-2053
452741500,22.5797396158,113.9261459857,3,6,271.343170,271.948409,305.028544,1254,-1789
452741600,22.5797396108,113.9261442700,3,6,271.658936,272.413270,209.657356,-2399,-1366
452741700,22.5797401667,113.9261429809,3,6,271.989349,272.455479,274.005770,125,-1785
452741800,22.5797402681,113.9261414501,3,5,272.186340,271.726592,318.572643,1540,-1359
452741900,22.5797389675,113.9261398062,3,6,272.221008,270.954683,210.314912,-2131,-1246
452742000,22.5797383371,113.9261382012,3,6,272.101562,270.499574,277.733967,256,-1885
452742100,22.5797376499,113.9261368269,3,6,272.047272,271.039827,270.032797,1,-1747
452742200,22.5797382799,113.9261350970,3,6,272.174652,271.720658,220.035414,-1564,-1314
452742300,22.5797378974,113.9261336942,3,6,272.419281,272.143452,318.890348,2183,-1905
452742400,22.5797373861,113.9261322525,3,6,272.660187,272.200023,222.120013,-1451,-1312
452742500,22.5797378165,113.9261306806,3,6,272.933746,273.173389,318.093278,2087,-1873
452742600,22.5797381900,113.9261289744,3,6,273.303192,274.018402,228.210274,-1279,-1431
452742700,22.5797379817,113.9261274462,3,6,273.770752,274.082676,242.718240,-803,-1557
452742800,22.5797387764,113.9261259665,3,6,274.065430,273.579388,299.115829,973,-1747
452742900,22.5797385660,113.9261242701,3,6,274.127075,272.497818,298.646216,797,-1459
452743000,22.5797383245,113.9261228595,3,6,274.005310,273.015249,275.626893,187,-1898
452743100,22.5797377574,113.9261210990,3,6,274.087250,273.905922,209.328834,-2070,-1163
452743200,22.5797388537,113.9261194166,3,6,274.282593,274.729660,265.744399,-139,-1868
452743300,22.5797395784,113.9261177401,3,6,274.590942,275.240968,329.082696,3448,-2065
452743400,22.5797396809,113.9261161214,3,6,274.850616,275.709544,243.864352,-736,-1500
452743500,0.0000000000,0.0000000000,0,0,275.184113,276.455645,315.705542,2014,-1965
452743600,22.5797411228,113.9261129240,3,6,275.586365,277.077044,0.000000,0,0
452743700,22.5797396168,113.9261109786,3,6,275.854980,275.619655,273.895990,98,-1439
452743800,22.5797403881,113.9261096961,3,6,275.825256,274.735010,268.069413,-69,-2047
452743900,22.5797404443,113.9261080625,3,6,275.562836,274.640906,275.516657,130,-1346
452744000,22.5797404287,113.9261063233,3,6,275.466949,275.530203,275.269154,153,-1659
452744100,22.5797406747,113.9261042333,3,6,275.598999,276.481991,274.125780,117,-1622
452744200,22.5797405118,113.9261027408,3,6,275.804962,276.383862,279.319169,309,-1883
452744300,22.5797400952,113.9261011927,3,6,276.023468,277.211226,267.425035,-72,-1601
452744400,22.5797399581,113.9260991451,3,6,276.450165,278.142384,267.928108,-67,-1852
452744500,22.5797402572,113.9260977629,3,6,276.993225,278.577231,274.301891,143,-1901
452744600,22.5797397761,113.9260957807,3,6,277.393951,277.741333,280.876247,308,-1603
452744700,22.5797398431,113.9260940740,3,6,277.529846,276.931402,300.722986,1251,-2105
452744800,22.5797402256,113.9260922431,3,6,277.473846,276.752681,299.048867,942,-1696
452744900,22.5797405227,113.9260909368,3,6,277.515137,277.465513,307.224020,1429,-1881
452745000,22.5797408588,113.9260891982,3,6,277.587067,277.616744,214.266916,-2049,-1396
452745100,22.5797408020,113.9260877379,3,6,277.666931,277.539014,288.012109,583,-1793
452745200,22.5797415274,113.9260862280,3,6,277.748718,277.828407,221.756422,-1762,-1573
452745300,22.5797403494,113.9260840142,3,6,277.960541,279.036243,272.163153,59,-1562
452745400,22.5797395623,113.9260822929,3,6,278.243500,278.639609,310.090597,1873,-2225
452745500,0.0000000000,0.0000000000,0,0,278.350006,278.191775,264.999355,-154,-1760
452745600,0.0000000000,0.0000000000,0,0,278.324585,277.394795,0.000000,0,0
452745700,0.0000000000,0.0000000000,0,0,278.048737,276.661828,0.000000,0,0
452745800,0.0000000000,0.0000000000,0,0,277.873535,277.508227,0.000000,0,0
452745900,0.0000000000,0.0000000000,0,0,277.793060,277.586892,0.000000,0,0
452746000,0.0000000000,0.0000000000,0,0,277.721283,277.507315,0.000000,0,0
452746100,0.0000000000,0.0000000000,0,0,277.695526,277.842901,0.000000,0,0
452746200,0.0000000000,0.0000000000,0,0,277.808197,278.537990,0.000000,0,0
452746300,0.0000000000,0.0000000000,0,0,277.979828,278.744029,0.000000,0,0
452746400,0.0000000000,0.0000000000,0,0,278.139496,277.848841,0.000000,0,0
452746500,0.0000000000,0.0000000000,0,0,278.142365,277.198727,0.000000,0,0
452746600,0.0000000000,0.0000000000,0,0,278.011719,276.861646,0.000000,0,0
452746700,0.0000000000,0.0000000000,0,0,278.091583,277.610542,0.000000,0,0
452746800,0.0000000000,0.0000000000,0,0,278.386749,278.087463,0.000000,0,0
452746900,0.0000000000,0.0000000000,0,0,278.830780,278.627821,0.000000,0,0
452747000,0.0000000000,0.0000000000,0,0,279.382629,279.431510,0.000000,0,0
452747100,0.0000000000,0.0000000000,0,0,280.078033,280.102000,0.000000,0,0
452747200,0.0000000000,0.0000000000,0,0,280.902679,280.586700,0.000000,0,0
452747300,0.0000000000,0.0000000000,0,0,281.734222,280.553904,0.000000,0,0
452747400,0.0000000000,0.0000000000,0,0,282.378448,279.395301,0.000000,0,0
452747500,0.0000000000,0.0000000000,0,0,282.838989,280.000353,0.000000,0,0
452747600,0.0000000000,0.0000000000,0,0,283.484406,281.150592,0.000000,0,0
452747700,0.0000000000,0.0000000000,0,0,284.376404,282.519456,0.000000,0,0
452747800,0.0000000000,0.0000000000,0,0,285.419250,284.354965,0.000000,0,0
452747900,0.0000000000,0.0000000000,0,0,286.515533,286.043629,0.000000,0,0
452748000,0.0000000000,0.0000000000,0,0,287.820953,288.207410,0.000000,0,0
452748100,22.5797463880,113.9260391103,3,6,289.432495,290.158250,0.000000,0,0
452748200,22.5797469515,113.9260373631,3,6,291.302124,290.829501,249.174782,-496,-1304
452748300,22.5797468150,113.9260358265,3,6,292.259918,290.975495,295.904991,848,-1746
452748400,22.5797477529,113.9260341671,3,6,293.272064,291.547660,322.618546,2047,-1564
452748500,22.5797489141,113.9260334121,3,6,294.416412,293.740624,327.608934,2686,-1704
452748600,22.5797488024,113.9260316325,3,6,295.659973,295.429306,194.351931,-3369,-862
452748700,22.5797500614,113.9260300012,3,6,296.929962,296.335759,325.389276,2614,-1804
452748800,22.5797505161,113.9260286482,3,6,298.432251,298.056078,330.624849,2814,-1584
452748900,22.5797517075,113.9260273112,3,6,300.343140,300.873883,289.433703,501,-1420
452749000,22.5797522360,113.9260260143,3,6,302.666168,304.834312,324.499818,1880,-1341
452749100,22.5797541479,113.9260249097,3,6,305.065948,305.842626,282.886483,310,-1355
452749200,0.0000000000,0.0000000000,0,0,307.140503,307.092090,287.063858,318,-1036
452749300,0.0000000000,0.0000000000,0,0,309.257996,309.300892,0.000000,0,0
452749400,0.0000000000,0.0000000000,0,0,311.537689,313.264490,0.000000,0,0
452749500,22.5797599423,113.9260211562,3,6,313.899597,314.282403,0.000000,0,0
452749600,22.5797604675,113.9260201555,3,6,316.424622,315.769461,334.007172,1610,-785
452749700,22.5797613869,113.9260189179,3,6,319.567017,318.033319,328.392498,1677,-1032
452749800,22.5797628349,113.9260183570,3,6,321.505524,321.564343,319.469666,1531,-1309
452749900,22.5797645566,113.9260175101,3,6,324.078186,322.889997,343.564876,1973,-582
452750000,22.5797657231,113.9260168236,3,6,326.437500,324.511663,327.886062,1469,-922
452750100,22.5797674203,113.9260168381,3,6,328.776245,326.918524,337.574138,1827,-754
452750200,22.5797684938,113.9260165182,3,6,331.569519,334.121265,0.488377,2229,19
452750300,22.5797703797,113.9260160684,3,6,334.748779,336.152725,349.559505,1932,-356
452750400,22.5797720248,113.9260160346,3,6,338.148743,339.153286,345.727973,1942,-494
452750500,22.5797737622,113.9260161574,3,6,341.208374,343.004322,358.040787,2134,-73
452750600,22.5797754665,113.9260161287,3,6,344.739136,347.655262,3.124574,2125,116
452750700,22.5797774900,113.9260165678,3,6,348.424438,349.638970,359.345382,2013,-23
452750800,22.5797792132,113.9260169445,3,6,351.528442,351.102660,9.798227,2183,377
452750900,22.5797814537,113.9260178641,3,6,354.732635,354.601704,11.786965,1960,409
452751000,22.5797833367,113.9260182496,3,6,358.153076,0.340495,19.944808,2403,872
452751100,22.5797851017,113.9260193134,3,6,2.766014,3.384457,11.978638,1989,422
452751200,22.5797868957,113.9260201635,3,6,6.036373,7.555745,29.909024,1914,1101
452751300,22.5797885124,113.9260208103,3,6,9.724360,11.582686,22.917319,1897,802
452751400,22.5797899286,113.9260220946,3,6,13.414324,16.335073,20.387673,1792,666
452751500,22.5797914482,113.9260234913,3,6,16.801846,18.513757,38.647156,1657,1325
452751600,22.5797927395,113.9260249539,3,6,20.232342,22.033130,38.716341,1729,1386
452751700,22.5797939957,113.9260264215,3,6,23.711971,24.909372,43.661731,1577,1505
452751800,22.5797949902,113.9260276292,3,6,26.928188,28.721802,44.121471,1556,1509
452751900,22.5797960150,113.9260292403,3,6,30.015818,31.687331,44.076699,1261,1221
452752000,22.5797971374,113.9260310498,3,6,33.183735,34.428931,52.930962,1214,1607
452752100,22.5797981107,113.9260326788,3,6,36.256813,37.254999,53.276237,1266,1697
452752200,22.5797989746,113.9260343857,3,6,39.181263,41.780100,53.587592,1130,1532
452752300,22.5797997876,113.9260361576,3,6,42.339478,45.522028,56.791398,1175,1795
452752400,22.5798002964,113.9260379382,3,6,45.584999,48.712945,60.822854,952,1705
452752500,22.5798009080,113.9260395760,3,6,48.768192,50.350915,69.219437,710,1871
452752600,22.5798014921,113.9260413164,3,6,51.618198,55.160118,68.003518,715,1770
452752700,22.5798020826,113.9260431619,3,6,54.561192,57.059846,71.257632,606,1786
452752800,22.5798026416,113.9260449733,3,6,57.148067,58.793642,71.337341,662,1960
452752900,22.5798031069,113.9260467897,3,6,59.356930,60.319193,73.928357,535,1857
452753000,22.5798034771,113.9260486857,3,6,62.107891,63.320741,77.375352,411,1835
452753100,22.5798039199,113.9260504929,3,6,64.441467,66.199733,81.147755,297,1907
452753200,22.5798041590,113.9260523224,3,6,66.889236,67.861960,79.084961,361,1872
452753300,22.5798044576,113.9260540986,3,6,69.104935,69.138214,85.157551,158,1865
452753400,22.5798046160,113.9260559428,3,6,71.316177,73.862104,82.530973,239,1823
452753500,22.5798047171,113.9260577571,3,6,73.641792,75.099291,87.088146,97,1907
452753600,22.5798047602,113.9260596677,3,6,75.523529,76.577448,89.157476,27,1836
452753700,22.5798048260,113.9260613538,3,6,76.823883,77.168138,90.690639,-23,1908
452753800,22.5798048201,113.9260631152,3,6,78.362885,78.501142,90.978762,-30,1756
452753900,22.5798048126,113.9260647489,3,6,80.550812,82.388525,91.281162,-42,1878
452754000,22.5798046972,113.9260665301,3,6,82.306961,83.069198,93.917795,-118,1723
452754100,22.5798046043,113.9260684471,3,6,83.908913,83.622963,94.839380,-159,1878
452754200,22.5798044300,113.9260702405,3,6,85.373810,85.057296,98.612884,-279,1842
452754300,22.5798043128,113.9260720713,3,6,86.732834,88.824694,99.311425,-303,1848
452754400,22.5798041563,113.9260739182,3,6,88.766899,89.134783,100.015062,-326,1846
452754500,22.5798038883,113.9260757067,3,6,90.151855,90.087357,99.217513,-302,1861
452754600,22.5798037229,113.9260775612,3,6,91.290466,90.815627,101.637066,-388,1884
452754700,22.5798034394,113.9260792773,3,6,92.479431,94.170067,101.653089,-377,1828
452754800,22.5798030228,113.9260808801,3,6,94.444923,94.941883,101.924143,-378,1790
452754900,22.5798026046,113.9260824691,3,6,95.883492,94.383898,107.452710,-509,1619
452755000,22.5798021336,113.9260841305,3,6,96.929207,94.449161,107.763919,-519,1620
452755100,22.5798015686,113.9260858024,3,6,97.988770,96.598001,107.734748,-536,1676
452755200,22.5798008300,113.9260873216,3,6,99.127945,97.255934,108.839476,-593,1738
452755300,22.5798003133,113.9260888876,3,6,100.575699,97.687813,116.046216,-759,1553
452755400,22.5797995646,113.9260902690,3,6,102.121109,98.736268,109.780501,-556,1546
452755500,22.5797988867,113.9260917514,3,6,103.748917,102.392739,119.674515,-800,1404
452755600,22.5797981510,113.9260930288,3,6,105.462173,104.553241,112.852176,-641,1521
452755700,22.5797975088,113.9260944264,3,6,105.632217,105.924502,119.786524,-763,1333
452755800,22.5797966348,113.9260956466,3,6,107.468727,106.565369,115.323891,-680,1437
452755900,22.5797957702,113.9260968311,3,6,109.424683,108.790367,127.894664,-941,1209
452756000,22.5797949349,113.9260980739,3,6,110.831024,110.346663,128.240131,-937,1189
452756100,22.5797940612,113.9260991130,3,6,112.860443,111.843642,125.609163,-868,1212
452756200,22.5797930073,113.9261002722,3,6,114.007759,112.606838,126.597248,-877,1181
452756300,22.5797920267,113.9261014271,3,6,115.375526,115.524066,135.301026,-1148,1136
452756400,22.5797908942,113.9261025018,3,6,117.010361,118.211942,129.796066,-988,1186
452756500,22.5797898478,113.9261036654,3,6,118.856369,120.984382,137.711715,-1172,1066
452756600,22.5797886810,113.9261046854,3,6,120.880646,123.735189,135.523235,-1105,1085
452756700,22.5797875010,113.9261057830,3,6,122.998901,126.981113,139.456913,-1217,1041
452756800,22.5797863904,113.9261068809,3,6,124.983444,129.040398,140.571603,-1277,1050
452756900,22.5797851725,113.9261079425,3,6,127.153038,130.901407,138.536681,-1194,1055
452757000,22.5797839732,113.9261090701,3,6,129.096497,132.014599,139.263643,-1290,1111
452757100,22.5797827573,113.9261100949,3,6,130.895065,132.504729,139.556239,-1321,1126
452757200,22.5797814628,113.9261111991,3,6,132.018600,132.395232,141.491616,-1341,1067
452757300,22.5797802963,113.9261119768,3,6,132.886215,133.119953,142.950271,-1424,1075
452757400,22.5797791889,113.9261130226,3,6,133.568283,134.496810,146.985559,-1282,833
452757500,22.5797779438,113.9261139910,3,6,135.394989,136.116034,140.931850,-1259,1022
452757600,22.5797766037,113.9261149084,3,6,136.059357,135.999695,145.711817,-1361,928
452757700,22.5797751270,113.9261156690,3,6,136.825043,136.532821,145.857995,-1426,967
452757800,22.5797738796,113.9261166383,3,6,138.115021,137.986025,155.276949,-1605,739
452757900,22.5797727197,113.9261175425,3,6,139.160721,139.771958,143.702476,-1307,960
452758000,22.5797716125,113.9261185230,3,6,139.869644,139.700974,145.724065,-1300,886
452758100,22.5797702534,113.9261192896,3,6,140.445206,139.581350,148.123846,-1317,819
452758200,22.5797688677,113.9261199885,3,6,140.731155,140.037457,148.390275,-1438,885
452758300,22.5797679798,113.9261207921,3,6,140.742752,142.698154,150.512701,-1489,842
452758400,22.5797670472,113.9261215693,3,6,141.537659,143.410054,149.128302,-1191,712
452758500,22.5797659646,113.9261223054,3,8,141.758652,143.496035,152.687249,-1218,629
452758600,22.5797649463,113.9261231265,3,8,141.818542,143.539707,149.857510,-1252,727
452758700,22.5797640211,113.9261241182,3,8,141.768524,143.563228,147.595841,-1273,808
452758800,22.5797630766,113.9261250533,3,8,141.534348,143.786110,137.201626,-1175,1088
452758900,22.5797621247,113.9261259059,3,8,141.666443,143.494543,142.687673,-1236,942
452759000,22.5797611680,113.9261268886,3,8,141.466873,142.063860,144.150074,-1193,862
452759100,22.5797601974,113.9261278480,3,8,140.867584,138.985460,139.976539,-1186,996
452759200,22.5797591805,113.9261288282,3,8,139.908112,137.679226,142.168854,-1177,914
452759300,22.5797583350,113.9261299283,3,8,139.006317,137.420593,140.547300,-1220,1004
452759400,22.5797574664,113.9261307456,3,8,138.056000,137.299882,132.332619,-1013,1112
452759500,22.5797564947,113.9261317970,3,8,137.397278,136.379895,141.170175,-1025,825
452759600,22.5797555548,113.9261328499,3,8,136.591492,135.583943,135.987760,-1062,1026
452759700,22.5797544599,113.9261338016,3,8,135.601929,134.919345,134.171286,-1022,1052
452759800,22.5797534658,113.9261349592,3,8,134.568314,134.515358,141.519802,-1131,899
452759900,22.5797524756,113.9261360325,3,8,133.703064,134.451263,128.237306,-970,1231
452760000,22.5797514938,113.9261372075,3,8,132.288910,131.910873,132.190018,-959,1058
452760100,22.5797504255,113.9261383921,3,8,131.137512,129.714146,134.066926,-1057,1092
452760200,22.5797498785,113.9261396718,3,8,128.940552,127.602971,132.982684,-1123,1205
452760300,22.5797492399,113.9261407925,3,8,127.425613,126.534019,111.252519,-534,1373
452760400,22.5797486011,113.9261421136,3,8,125.500259,125.925984,122.152295,-704,1120
452760500,22.5797480237,113.9261434415,3,8,124.233200,124.989198,123.302041,-787,1198
452760600,22.5797474080,113.9261447302,3,8,122.866539,123.664651,112.747608,-587,1400
452760700,22.5797467538,113.9261462221,3,8,121.503456,122.498308,116.032003,-654,1339
452760800,22.5797461395,113.9261476014,3,8,120.138504,120.069123,114.076157,-689,1542
452760900,22.5797455723,113.9261490117,3,8,118.793808,118.621858,120.984072,-747,1244
452761000,22.5797448788,113.9261507503,3,8,117.438065,117.022547,106.301048,-441,1508
452761100,22.5797442808,113.9261522329,3,8,115.897736,114.517013,107.985467,-585,1802
452761200,22.5797436487,113.9261536895,3,8,113.991478,110.885460,110.653127,-536,1422
452761300,22.5797431713,113.9261552214,3,8,112.060768,109.703165,105.579024,-450,1614
452761400,22.5797427844,113.9261569324,3,8,110.208733,109.066724,105.069818,-416,1545
452761500,22.5797424080,113.9261585496,3,8,108.585609,108.564004,98.224551,-270,1868
452761600,22.5797422822,113.9261601499,3,8,107.059975,106.100084,106.027669,-449,1563
452761700,22.5797419114,113.9261618519,3,8,105.410858,104.188586,97.106211,-187,1500
452761800,22.5797415364,113.9261635243,3,8,103.606964,102.436396,102.478808,-376,1699
452761900,22.5797415399,113.9261651187,3,8,101.807449,100.989640,102.243486,-388,1788
452762000,22.5797416509,113.9261668299,3,8,99.987816,98.455151,88.994914,27,1539
452762100,22.5797415836,113.9261685154,3,8,98.194473,96.642516,93.220408,-88,1564
452762200,22.5797408276,113.9261702741,3,8,96.370255,94.933935,88.654814,41,1746
452762300,22.5797419123,113.9261719078,3,8,94.667953,93.400683,87.447808,69,1548
452762400,22.5797414534,113.9261738162,3,8,93.233826,92.517559,88.393114,51,1818
452762500,22.5797422495,113.9261754923,3,8,92.034386,90.938605,84.107090,183,1773
452762600,22.5797421670,113.9261771865,3,8,90.745522,88.817353,82.005972,265,1887
452762700,22.5797423323,113.9261791054,3,8,89.253479,86.974934,79.613900,307,1675
452762800,22.5797421117,113.9261810289,3,8,87.925255,86.387178,91.764478,-65,2110
452762900,22.5797422116,113.9261827768,3,8,86.902290,85.818180,91.174464,-36,1756
452763000,22.5797432314,113.9261845398,3,8,86.049919,84.654849,82.755772,218,1715
452763100,22.5797431632,113.9261864975,3,8,85.213547,83.890130,83.563397,206,1826
452763200,22.5797435599,113.9261884659,3,8,84.533257,83.478692,78.558956,425,2100
452763300,22.5797432456,113.9261904666,3,8,84.090294,83.705400,76.965515,413,1784
452763400,22.5797433410,113.9261924227,3,8,83.709740,83.015790,91.860462,-70,2155
452763500,22.5797437437,113.9261945365,3,8,83.171997,81.898190,88.105100,62,1874
452763600,22.5797438250,113.9261966071,3,8,82.651176,82.860406,83.990994,226,2147
452763700,22.5797442324,113.9261984353,3,8,82.444901,82.881102,92.192325,-82,2142
452763800,22.5797443607,113.9262006331,3,8,82.259010,82.597598,74.192916,496,1752
452763900,22.5797444783,113.9262029084,3,8,82.068680,82.434593,86.458013,135,2181
452764000,22.5797446908,113.9262051275,3,8,81.890045,82.522401,88.705814,53,2346
452764100,22.5797448650,113.9262071363,3,8,81.817459,82.697740,81.396508,338,2234
452764200,22.5797453280,113.9262093359,3,8,81.745140,82.014400,80.182971,326,1884
452764300,22.5797453972,113.9262115406,3,8,81.620300,82.006087,78.132789,481,2289
452764400,22.5797456076,113.9262137299,3,8,81.645638,82.295046,87.479667,96,2181
452764500,22.5797458974,113.9262159546,3,8,81.616592,82.059446,85.086868,199,2315
452764600,22.5797463035,113.9262180581,3,8,81.554619,81.787994,87.886096,87,2357
452764700,22.5797462419,113.9262204104,3,8,81.481705,81.968099,73.042962,565,1853
452764800,22.5797464090,113.9262226799,3,8,81.552879,82.137595,93.237476,-137,2422
452764900,22.5797468472,113.9262249580,3,8,81.552834,81.563571,84.456377,221,2277
452765000,22.5797470707,113.9262271595,3,8,81.470947,81.684987,79.541496,448,2427
452765100,22.5797471309,113.9262294488,3,8,81.475189,82.021009,84.212104,238,2348
452765200,22.5797472545,113.9262316410,3,8,81.499641,81.964431,88.947247,43,2340
452765300,22.5797473902,113.9262340709,3,8,81.524498,81.869755,80.724537,325,1990
452765400,22.5797476672,113.9262362586,3,8,81.559509,81.852303,87.699378,101,2514
452765500,22.5797478071,113.9262386172,3,8,81.598640,81.856684,83.202922,277,2324
452765600,22.5797479685,113.9262409162,3,8,81.612221,81.856684,85.705499,180,2397
452765700,22.5797479701,113.9262431392,3,8,81.627441,81.792471,82.318552,309,2291
452765800,22.5797481956,113.9262455847,3,8,81.624420,81.866643,87.686820,86,2129
452765900,22.5797483792,113.9262481140,3,8,81.700615,82.006087,84.907885,234,2626
452766000,22.5797485968,113.9262503648,3,8,81.693886,81.866643,82.731565,326,2556
452766100,22.5797484253,113.9262527759,3,8,81.706650,82.113913,79.566379,418,2270
452766200,22.5797484784,113.9262550638,3,8,81.757118,82.113913,91.430471,-66,2643
452766300,22.5797484347,113.9262574397,3,8,81.836052,82.240654,83.679873,243,2194
452766400,22.5797485923,113.9262597131,3,8,81.883438,81.957537,89.222916,33,2433
452766500,22.5797489765,113.9262621976,3,8,82.006363,82.232990,77.233073,496,2189
452766600,22.5797489674,113.9262645516,3,8,82.066498,82.240654,79.504564,480,2591
452766700,22.5797487005,113.9262669101,3,8,82.160881,82.306300,82.213963,335,2450
452766800,22.5797490037,113.9262692475,3,8,82.147972,81.927807,90.423483,-17,2300
452766900,22.5797488054,113.9262716213,3,8,82.116501,81.914887,87.494907,112,2560
452767000,22.5797489361,113.9262741657,3,8,82.080948,81.980868,78.930300,467,2387
452767100,22.5797489923,113.9262765707,3,8,82.064972,81.694278,94.219285,-182,2467
452767200,22.5797493334,113.9262788670,3,8,81.913071,81.358996,88.322072,73,2492
452767300,22.5797493366,113.9262812261,3,8,81.781815,81.146314,79.214624,465,2441
452767400,22.5797495594,113.9262834936,3,8,81.609634,81.082428,85.049157,204,2355
452767500,22.5797492937,113.9262859752,3,8,81.508781,81.428627,81.011536,382,2415
452767600,22.5797491369,113.9262883862,3,8,81.378891,80.908782,92.320910,-101,2492
452767700,22.5797498229,113.9262907525,3,8,81.209305,81.071986,89.106296,38,2436
452767800,22.5797491739,113.9262932854,3,8,81.146385,81.355262,69.181401,935,2459
452767900,22.5797494586,113.9262957959,3,8,81.203445,81.588926,100.340153,-495,2713
452768000,22.5797497698,113.9262981182,3,8,81.287376,81.684742,83.271624,275,2331
452768100,22.5797506160,113.9263007085,3,8,81.430061,82.085038,83.028911,325,2658
452768200,22.5797509876,113.9263031810,3,8,81.661209,82.432009,67.679376,1074,2616
452768300,22.5797498171,113.9263056954,3,8,81.927315,82.057020,81.316558,367,2403
452768400,22.5797506984,113.9263080949,3,8,82.103996,81.905410,120.698584,-1381,2326
452768500,22.5797509221,113.9263105067,3,8,82.261322,82.075306,69.642929,1020,2749
452768600,22.5797512913,113.9263131531,3,8,82.362526,81.997455,84.635842,220,2343
452768700,22.5797512091,113.9263158505,3,8,82.502739,82.532221,84.328618,273,2749
452768800,22.5797511460,113.9263183554,3,8,82.713165,82.676087,94.045785,-188,2658
452768900,22.5797516470,113.9263210024,3,8,82.811043,82.633999,92.915127,-138,2710
452769000,22.5797515936,113.9263235610,3,8,82.992287,83.347695,79.269317,484,2554
452769100,22.5797517105,113.9263260599,3,8,83.312119,83.927319,94.088869,-179,2504
452769200,22.5797522454,113.9263287710,3,8,83.587082,83.799955,87.897917,90,2452
452769300,22.5797513488,113.9263311489,3,8,83.773155,83.711661,79.547984,518,2808
452769400,22.5797509537,113.9263337143,3,8,83.941864,83.506186,101.209311,-521,2629
452769500,22.5797511969,113.9263362317,3,8,83.987778,83.497833,100.253368,-443,2449
452769600,22.5797521137,113.9263388149,3,8,84.142601,83.856644,86.151108,169,2512
452769700,22.5797520054,113.9263411094,3,8,84.172668,84.080102,70.871139,984,2837
452769800,22.5797516010,113.9263436818,3,8,84.204994,83.494138,93.310730,-129,2230
452769900,22.5797514341,113.9263462200,3,8,84.115501,83.706250,121.502594,-1477,2410
452770000,22.5797517405,113.9263487331,3,8,84.164513,84.349849,94.573921,-196,2450
452770100,22.5797515326,113.9263509751,3,8,84.233719,84.498474,84.500076,249,2586
452770200,22.5797514015,113.9263535008,3,8,84.309357,84.501962,94.818230,-205,2432
452770300,22.5797514916,113.9263556768,3,8,84.315300,84.650883,90.454538,-20,2521
452770400,22.5797519984,113.9263580812,3,8,84.290756,84.582805,86.089797,146,2136
452770500,22.5797518748,113.9263603337,3,8,84.308426,85.218533,88.483975,65,2456
452770600,22.5797514651,113.9263625820,3,8,84.356232,85.219447,91.552151,-63,2325
452770700,22.5797517642,113.9263647518,3,8,84.328438,85.428316,98.507344,-340,2273
452770800,22.5797512752,113.9263669338,3,8,84.477432,85.278906,81.460283,329,2191
452770900,22.5797513852,113.9263690438,3,8,84.509567,84.919074,105.046940,-564,2098
452771000,22.5797517122,113.9263710697,3,8,84.502548,85.132440,90.737560,-28,2175
452771100,22.5797516919,113.9263731689,3,8,84.559662,85.497065,82.396378,279,2090
452771200,22.5797515783,113.9263751345,3,8,84.581955,84.848904,90.877485,-31,2024
452771300,22.5797513545,113.9263774350,3,8,84.498352,84.345277,93.728058,-121,1857
452771400,22.5797515324,113.9263793564,3,8,84.492523,85.279684,94.470920,-185,2366
452771500,22.5797515093,113.9263812836,3,8,84.631721,85.059683,87.468927,90,2036
452771600,22.5797514975,113.9263832919,3,8,84.595818,84.920533,86.659927,104,1782
452771700,22.5797516030,113.9263851096,3,8,84.492973,84.706645,83.368156,228,1961
452771800,22.5797517972,113.9263872787,3,8,84.436516,85.500610,88.990226,34,1929
452771900,22.5797520304,113.9263893328,3,8,84.833244,84.919528,83.635859,205,1838
452772000,22.5797520188,113.9263913535,3,8,84.784050,83.985577,86.038120,155,2238
452772100,22.5797520347,113.9263930943,3,8,84.579422,84.124939,89.424045,21,2089
452772200,22.5797519609,113.9263947441,3,8,84.659370,84.852837,91.835331,-53,1654
452772300,22.5797519998,113.9263966506,3,8,84.655693,84.296540,95.946131,-168,1613
452772400,22.5797522628,113.9263984382,3,8,84.490646,83.803242,89.624090,12,1829
452772500,22.5797522354,113.9264001102,3,8,84.302879,83.637979,84.491654,184,1908
452772600,22.5797524296,113.9264017316,3,8,84.290665,85.070911,91.618492,-46,1628
452772700,22.5797525507,113.9264035517,3,8,84.382683,84.583959,89.139470,26,1731
452772800,22.5797526627,113.9264052255,3,8,84.326843,83.320512,86.484771,104,1693
452772900,22.5797529599,113.9264067760,3,8,84.062057,83.251803,91.203235,-36,1714
452773000,22.5797530103,113.9264085687,3,8,83.940727,84.514783,82.388062,203,1519
452773100,22.5797531774,113.9264100689,3,8,84.032555,84.310646,90.751270,-23,1754
452773200,22.5797532881,113.9264117175,3,8,84.018707,83.550634,88.105411,52,1572
452773300,22.5797534135,113.9264132196,3,8,83.962860,82.905934,85.469048,126,1590
452773400,22.5797534066,113.9264147817,3,8,83.463165,82.945795,91.700989,-46,1549
452773500,22.5797535877,113.9264163027,3,8,83.302910,83.305049,91.447741,-37,1464
452773600,22.5797536506,113.9264177265,3,8,83.218651,83.116482,87.436768,71,1586
452773700,22.5797536171,113.9264193188,3,8,83.084480,82.663707,89.959016,1,1398
452773800,22.5797538668,113.9264206779,3,8,82.850166,82.269471,94.717781,-128,1551
452773900,22.5797538911,113.9264221426,3,8,82.688667,82.711734,86.975295,80,1514
452774000,22.5797542172,113.9264237311,3,8,82.682396,83.418557,86.064712,82,1192
452774100,22.5797542380,113.9264250060,3,8,82.699593,83.709342,81.680803,248,1696
452774200,22.5797542360,113.9264264391,3,8,82.900398,82.643120,92.179608,-51,1340
452774300,22.5797542400,113.9264278101,3,8,82.841194,82.351159,86.415961,87,1389
452774400,22.5797544512,113.9264288674,3,8,82.779243,82.437295,92.128127,-56,1507
452774500,22.5797544648,113.9264302662,3,8,82.709663,82.411481,76.199540,239,973
452774600,22.5797544610,113.9264314489,3,8,82.438873,81.838381,88.223357,46,1483
452774700,22.5797543792,113.9264326696,3,8,82.241821,81.794215,89.857355,3,1205
452774800,22.5797542900,113.9264336080,3,8,82.070557,81.932090,93.773317,-80,1213
452774900,22.5797541828,113.9264349467,3,8,81.976471,81.986697,90.136907,-2,837
452775000,22.5797543783,113.9264361805,3,8,81.846863,81.984185,89.392340,14,1320
452775100,22.5797545667,113.9264373723,3,8,81.829613,82.483961,77.654465,290,1325
452775200,22.5797544102,113.9264385003,3,8,81.926331,82.557090,85.050651,84,970
452775300,22.5797542227,113.9264394602,3,8,81.921860,83.103482,91.205073,-26,1236
452775400,22.5797542288,113.9264404514,3,8,81.890427,82.405437,93.244708,-61,1076
452775500,22.5797544932,113.9264416748,3,8,81.834274,82.358527,87.346584,45,971
452775600,22.5797543520,113.9264426751,3,8,81.811081,82.172001,74.080770,330,1157
452775700,22.5797540362,113.9264434598,3,8,82.186028,81.936417,94.522768,-81,1024
452775800,22.5797542256,113.9264444148,3,8,82.138916,80.862975,100.760469,-168,884
452775900,22.5797544716,113.9264453434,3,8,81.696770,80.440624,77.754088,219,1009
452776000,22.5797541530,113.9264462099,3,8,81.375648,80.675550,76.454431,199,826
452776100,22.5797542798,113.9264471297,3,8,81.200714,81.100439,98.975152,-184,1165
452776200,22.5797541056,113.9264480022,3,8,81.192535,82.061056,79.726242,147,811
452776300,22.5797543410,113.9264487553,3,8,81.311111,82.080445,108.935336,-235,685
452776400,22.5797543758,113.9264494877,3,8,81.433243,82.010768,71.021573,206,599
452776500,22.5797543862,113.9264503047,3,8,81.496086,81.866898,83.351814,88,755
452776600,22.5797543596,113.9264511452,3,8,81.494514,81.233100,90.920335,-12,747
452776700,22.5797543001,113.9264517194,3,8,81.425018,81.332212,95.454676,-72,754
452776800,22.5797543626,113.9264524033,3,8,81.395699,81.530643,94.594253,-45,560
452776900,22.5797544470,113.9264531005,3,8,81.448944,81.803291,88.882671,11,564
452777000,22.5797544190,113.9264536863,3,8,81.574303,82.298094,81.265243,116,755
452777100,22.5797544707,113.9264543379,3,8,81.577469,83.460056,89.818685,2,632
452777200,22.5797545417,113.9264547990,3,8,82.187233,83.891504,83.485790,66,578
452777300,22.5797545475,113.9264553734,3,8,82.153969,83.970031,76.740510,119,505
452777400,22.5797546364,113.9264558495,3,8,82.964859,83.202808,87.556579,23,539
452777500,22.5797546737,113.9264561657,3,8,82.979439,81.934906,78.310631,84,406
452777600,22.5797548384,113.9264567265,3,8,82.955940,80.917191,96.886427,-25,207
452777700,22.5797547877,113.9264571408,3,8,82.932442,80.388074,71.794102,173,526
452777800,22.5797546612,113.9264574400,3,8,81.851433,79.712157,102.665064,-80,356
452777900,22.5797546702,113.9264577039,3,8,81.237946,79.004661,95.481297,-38,396
452778000,22.5797546085,113.9264580237,3,8,80.680099,79.117681,78.200372,61,292
452778100,22.5797546373,113.9264582955,3,8,80.252716,79.312554,81.849744,57,398
452778200,22.5797547469,113.9264585546,3,8,80.099686,79.511749,80.238225,48,279
452778300,22.5797544459,113.9264586460,3,8,80.083817,79.678979,68.450716,62,157
452778400,22.5797545230,113.9264587960,3,8,79.631378,80.086877,114.820541,-148,320
452778500,22.5797546133,113.9264589350,3,8,79.612541,80.389696,58.804902,66,109
452778600,22.5797546361,113.9264590754,3,8,79.684479,80.321805,68.552264,44,112
452778700,22.5797546315,113.9264591112,3,8,79.689346,80.612034,82.797505,23,182
284308900,22.5797041422,113.9262267293,6,16,0.000000,0.000000,0.000000,0,0
284309000,22.5797055362,113.9262259859,6,16,0.000000,0.000000,0.000000,-4,5
284309100,22.5797071043,113.9262259037,6,16,0.000000,0.000000,0.000000,10,2
284309200,22.5797078638,113.9262257938,6,16,0.000000,0.000000,0.000000,-5,-3
284309300,22.5797079439,113.9262250891,6,16,0.000000,0.000000,0.000000,-1,-2
284309400,22.5797076495,113.9262246857,6,16,0.000000,0.000000,0.000000,6,-8
284309500,22.5797067301,113.9262239150,6,16,0.000000,0.000000,0.000000,-12,11
284309600,22.5797052857,113.9262237792,6,16,0.000000,0.000000,0.000000,10,-7
284309700,22.5797029903,113.9262239325,6,16,0.000000,0.000000,0.000000,-14,9
284309800,22.5797002080,113.9262237533,6,16,0.000000,0.000000,0.000000,12,-6
284319600,22.5797055479,113.9262190132,6,16,0.000000,0.000000,0.000000,8,-8
284319700,22.5797060200,113.9262186467,6,16,0.000000,0.000000,0.000000,5,-12
284319800,22.5797060846,113.9262186315,6,16,0.000000,0.000000,0.000000,0,23
284319900,22.5797061160,113.9262187483,6,16,0.000000,0.000000,0.000000,0,-10
284320000,22.5797057910,113.9262190112,6,16,0.000000,0.000000,0.000000,-1,8
284320100,22.5797052095,113.9262190896,6,16,0.000000,0.000000,0.000000,21,0
284320200,22.5797046973,113.9262196984,6,16,0.000000,0.000000,0.000000,-5,-5
284320300,22.5797042332,113.9262196850,6,16,0.000000,0.000000,0.000000,3,6
284320400,22.5797033114,113.9262192224,6,16,0.000000,0.000000,0.000000,12,-4
284320500,22.5797023982,113.9262191099,6,16,0.000000,0.000000,0.000000,-5,9
284320600,22.5797017788,113.9262191238,6,16,0.000000,0.000000,0.000000,19,-6
284320700,22.5797019769,113.9262190922,6,16,0.000000,0.000000,0.000000,-4,2
284320800,22.5797017057,113.9262200135,6,16,0.000000,0.000000,0.000000,15,11
284320900,22.5797022325,113.9262212721,6,16,0.000000,0.000000,0.000000,-1,-8
284321000,22.5797026031,113.9262219540,6,16,0.000000,0.000000,0.000000,-1,9
284321100,22.5797024838,113.9262219289,6,16,0.000000,0.000000,0.000000,2,-7
284321200,22.5797024140,113.9262221423,6,16,0.000000,0.000000,0.000000,-1,5
284321300,22.5797016746,113.9262226271,6,16,0.000000,0.000000,0.000000,3,0
284321400,22.5797013589,113.9262230800,6,16,0.000000,0.000000,0.000000,7,8
284321500,22.5797014301,113.9262229473,6,16,0.000000,0.000000,0.000000,5,2
284321600,22.5797016751,113.9262221375,6,16,0.000000,0.000000,0.000000,-5,-3
284321700,22.5797017646,113.9262217335,6,16,0.000000,0.000000,0.000000,8,1
284321800,22.5797014664,113.9262208832,6,16,0.000000,0.000000,0.000000,0,-1
284321900,22.5797009416,113.9262205454,6,16,0.000000,0.000000,0.000000,13,2
284322000,22.5797010577,113.9262201744,6,16,0.000000,0.000000,0.000000,-11,5
284322100,22.5797013295,113.9262197507,6,16,0.000000,0.000000,0.000000,10,-6
284322200,22.5797009383,113.9262197032,6,16,0.000000,0.000000,0.000000,-2,3
284322300,22.5797002727,113.9262207925,6,16,0.000000,0.000000,0.000000,9,4
284322400,22.5796993342,113.9262214471,6,16,0.000000,0.000000,0.000000,-1,3
284322500,22.5796983641,113.9262222604,6,16,0.000000,0.000000,0.000000,-2,3
284322600,22.5796977629,113.9262230166,6,16,0.000000,0.000000,0.000000,18,-10
284322700,22.5796973233,113.9262238211,6,16,0.000000,0.000000,0.000000,9,17
284322800,22.5796970824,113.9262244826,6,16,0.000000,0.000000,0.000000,5,-9
284322900,22.5796971140,113.9262251387,6,16,0.000000,0.000000,0.000000,0,5
284323000,22.5796968294,113.9262254782,6,16,0.000000,0.000000,0.000000,-8,-9
284323100,22.5796971426,113.9262256997,6,16,0.000000,0.000000,0.000000,21,2
284323200,22.5796972684,113.9262262683,6,16,0.000000,0.000000,0.000000,-5,3
284323300,22.5796975526,113.9262268053,6,16,0.000000,0.000000,0.000000,-1,4
284323400,22.5796975828,113.9262272660,6,16,0.000000,0.000000,0.000000,5,-3
284323500,22.5796975783,113.9262276352,6,16,0.000000,0.000000,0.000000,-4,0
284323600,22.5796974889,113.9262278874,6,16,0.000000,0.000000,0.000000,-1,5
284323700,22.5796966644,113.9262282226,6,16,0.000000,0.000000,0.000000,15,-10
284323800,22.5796960120,113.9262285400,6,16,0.000000,0.000000,0.000000,11,13
284323900,22.5796958051,113.9262288431,6,16,0.000000,0.000000,0.000000,-8,-2
284324000,22.5796963096,113.9262285935,6,16,0.000000,0.000000,0.000000,5,-13
284324100,22.5796969822,113.9262282195,6,16,0.000000,0.000000,0.000000,4,-1
284324200,22.5796980817,113.9262278578,6,16,0.000000,0.000000,0.000000,9,10
284324300,22.5796985192,113.9262268342,6,16,0.000000,0.000000,0.000000,6,-14
284324400,22.5796991712,113.9262257449,6,16,0.000000,0.000000,0.000000,0,17
284324500,22.5796996364,113.9262250011,6,16,0.000000,0.000000,0.000000,-5,-2
284324600,22.5797004996,113.9262242527,6,16,0.000000,0.000000,0.000000,13,-11
284324700,22.5797013500,113.9262240617,6,16,0.000000,0.000000,0.000000,-4,10
284324800,22.5797017437,113.9262237891,6,16,0.000000,0.000000,0.000000,11,-14
284324900,22.5797019442,113.9262234649,6,16,0.000000,0.000000,0.000000,10,4
284325000,22.5797023231,113.9262226840,6,16,0.000000,0.000000,0.000000,-15,3
284325100,22.5797026840,113.9262218357,6,16,0.000000,0.000000,0.000000,10,1
284325200,22.5797021019,113.9262214089,6,16,0.000000,0.000000,0.000000,14,4
284325300,22.5797011898,113.9262212065,6,16,0.000000,0.000000,0.000000,-7,-2
284325400,22.5797003865,113.9262217405,6,16,0.000000,0.000000,0.000000,11,-4
284325500,22.5796997815,113.9262224515,6,16,0.000000,0.000000,0.000000,16,-10
284325600,22.5796989098,113.9262236651,6,16,0.000000,0.000000,0.000000,-3,18
284325700,22.5796978127,113.9262249437,6,16,0.000000,0.000000,0.000000,2,55
284325800,22.5796969565,113.9262258195,6,16,0.000000,0.000000,0.000000,-2,75
284325900,22.5796959987,113.9262260515,6,16,0.000000,0.000000,0.000000,10,96
284326000,22.5796955865,113.9262260325,6,16,0.000000,0.000000,83.620752,18,161
284326100,22.5796953613,113.9262250797,6,16,0.000000,0.000000,88.546105,5,197
284326200,22.5796949529,113.9262236853,6,16,0.000000,0.000000,88.573844,6,241
284326300,22.5796949105,113.9262225990,6,16,0.000000,0.000000,91.072829,-5,267
284326400,22.5796958074,113.9262227689,6,16,0.000000,0.000000,82.405357,40,300
284326500,22.5796971534,113.9262223799,6,16,0.000000,0.000000,87.720774,16,402
284326600,22.5796983114,113.9262211617,6,16,0.000000,0.000000,92.354993,-19,462
284326700,22.5796989156,113.9262202813,6,16,0.000000,0.000000,100.120407,-83,465
284326800,22.5796991495,113.9262207259,6,16,0.000000,0.000000,92.418148,-25,592
284326900,22.5797000728,113.9262208143,6,16,0.000000,0.000000,92.318809,-23,568
284327000,22.5797012937,113.9262211150,6,16,0.000000,0.000000,93.591956,-43,685
284327100,22.5797019906,113.9262201369,6,16,0.000000,0.000000,85.435994,55,689
284327200,22.5797029300,113.9262183510,6,16,0.000000,0.000000,103.402867,-178,747
284327300,22.5797053174,113.9262164179,6,16,0.000000,0.000000,82.097498,93,670
284327400,22.5797081712,113.9262154908,6,16,0.000000,0.000000,90.000000,0,839
284327500,22.5797112567,113.9262154909,6,16,0.000000,0.000000,81.941530,111,784
284327600,22.5797145771,113.9262155104,6,16,0.000000,0.000000,101.006664,-191,982
284327700,22.5797179777,113.9262161691,6,15,0.000000,0.000000,88.843282,19,941
284327800,22.5797191235,113.9262162300,6,16,0.000000,0.000000,74.506805,265,956
284327900,22.5797206700,113.9262163366,6,16,0.000000,0.000000,87.743735,42,1066
284328000,22.5797217083,113.9262166511,6,16,0.000000,0.000000,95.471056,-118,1232
284328100,22.5797219971,113.9262165880,6,16,0.000000,0.000000,104.448292,-345,1339
284328200,22.5797222598,113.9262174610,6,15,0.000000,0.000000,84.697183,115,1239
284328300,22.5797234761,113.9262177166,6,16,0.000000,0.000000,87.482019,50,1137
284328400,22.5797227477,113.9262181732,6,15,0.000000,0.000000,72.370091,409,1287
284328500,22.5797195674,113.9262205916,6,14,0.000000,0.000000,96.926369,-151,1243
284328600,22.5797191467,113.9262235425,6,16,0.000000,0.000000,90.855097,-21,1407
284328700,22.5797199427,113.9262238756,6,15,0.000000,0.000000,86.901963,63,1164
284328800,22.5797185245,113.9262259381,6,16,0.000000,0.000000,81.554700,185,1246
284328900,22.5797157303,113.9262289730,6,16,0.000000,0.000000,69.443955,384,1024
284329000,22.5797140344,113.9262318695,6,16,0.000000,0.000000,91.109170,-20,1033
284329100,22.5797122293,113.9262353937,6,16,0.000000,0.000000,91.085189,-24,1267
284329200,22.5797102495,113.9262369784,6,16,0.000000,0.000000,73.284356,385,1282
284329300,22.5797081905,113.9262386798,6,15,0.000000,0.000000,89.163625,18,1233
284329400,22.5797089910,113.9262392885,6,16,0.000000,0.000000,74.047866,321,1123
284329500,22.5797084037,113.9262417696,6,16,0.000000,0.000000,93.177481,-75,1351
284329600,22.5797080000,113.9262444699,6,16,0.000000,0.000000,88.160043,31,965
284329700,22.5797090577,113.9262472803,6,16,0.000000,0.000000,102.490091,-243,1097
284329800,22.5797099695,113.9262489983,6,15,0.000000,0.000000,65.426025,455,995
284329900,22.5797089716,113.9262506996,6,15,0.000000,0.000000,79.634357,182,995
284330000,22.5797100634,113.9262517051,6,16,0.000000,0.000000,90.435701,-8,1052
284330100,22.5797111329,113.9262523811,6,16,0.000000,0.000000,94.773541,-80,958
284330200,22.5797103918,113.9262542197,6,15,0.000000,0.000000,68.072234,283,703
284330300,22.5797097452,113.9262568464,6,15,0.000000,0.000000,91.255284,-22,1004
284330400,22.5797089010,113.9262599398,6,15,0.000000,0.000000,83.367485,110,946
284330500,22.5797091968,113.9262616553,6,15,0.000000,0.000000,82.803038,99,784
284330600,22.5797096072,113.9262625761,6,15,0.000000,0.000000,84.658342,82,877
284330700,22.5797090513,113.9262630330,6,15,0.000000,0.000000,77.494528,173,780
284330800,22.5797082906,113.9262615643,6,15,0.000000,0.000000,77.905243,183,854
284330900,22.5797076800,113.9262607000,6,15,0.000000,0.000000,90.000000,0,770
284331000,22.5797079990,113.9262606744,6,16,0.000000,0.000000,78.910329,157,801
284331100,22.5797066689,113.9262605585,6,16,0.000000,0.000000,85.902716,50,698
284331200,22.5797048123,113.9262604302,6,16,0.000000,0.000000,74.312546,198,705
284331300,22.5797046701,113.9262600546,6,16,0.000000,0.000000,77.314931,131,582
284331400,22.5797055306,113.9262595881,6,16,0.000000,0.000000,77.753032,145,668
284331500,22.5797061982,113.9262590766,6,16,0.000000,0.000000,92.844656,-32,644
284331600,22.5797071632,113.9262578440,6,16,0.000000,0.000000,82.716708,74,579
284331700,22.5797081079,113.9262572125,6,16,0.000000,0.000000,80.596307,105,634
284331800,22.5797078858,113.9262572593,6,16,0.000000,0.000000,91.501793,-14,534
284331900,22.5797067110,113.9262575831,6,16,0.000000,0.000000,83.290163,58,493
284332000,22.5797059754,113.9262582447,6,16,0.000000,0.000000,78.802928,116,586
284332100,22.5797056259,113.9262579099,6,16,0.000000,0.000000,86.430619,32,513
284332200,22.5797064542,113.9262574238,6,16,0.000000,0.000000,75.687708,112,439
284332300,22.5797084768,113.9262579004,6,16,0.000000,0.000000,79.676411,98,538
284332400,22.5797092890,113.9262576039,6,16,0.000000,0.000000,85.674056,41,542
284332500,22.5797093577,113.9262578191,6,16,0.000000,0.000000,84.033779,51,488
284332600,22.5797096808,113.9262584620,6,16,0.000000,0.000000,85.063976,38,440
284332700,22.5797093767,113.9262596169,6,16,0.000000,0.000000,92.202598,-17,442
284332800,22.5797086948,113.9262605474,6,16,0.000000,0.000000,88.876697,9,459
284332900,22.5797078935,113.9262612724,6,16,0.000000,0.000000,66.712358,167,388
284333000,22.5797074468,113.9262623017,6,16,0.000000,0.000000,73.094842,93,306
284333100,22.5797077841,113.9262627783,6,16,0.000000,0.000000,89.287403,5,402
284333200,22.5797086371,113.9262636734,6,16,0.000000,0.000000,91.204640,-9,428
284333300,22.5797082926,113.9262652855,6,16,0.000000,0.000000,88.883990,6,308
284333400,22.5797086851,113.9262668979,6,16,0.000000,0.000000,77.940819,47,220
284333500,22.5797085033,113.9262670447,6,16,0.000000,0.000000,83.884496,30,280
284333600,22.5797078417,113.9262668910,6,16,0.000000,0.000000,83.804651,33,304
284333700,22.5797114053,113.9262642372,6,16,0.000000,0.000000,90.000000,0,310
284333800,22.5797135884,113.9262634426,6,16,0.000000,0.000000,96.818215,-33,276
284333900,22.5797150671,113.9262641187,6,16,0.000000,0.000000,89.729739,1,212
284334000,22.5797155425,113.9262661302,6,16,0.000000,0.000000,77.221267,44,194
284334100,22.5797130352,113.9262681693,6,15,0.000000,0.000000,76.795167,42,179
284334200,22.5797106520,113.9262687927,6,15,0.000000,0.000000,68.805944,57,147
284334300,22.5797075231,113.9262682992,6,15,0.000000,0.000000,74.710009,38,139
284334400,22.5797052655,113.9262680409,6,15,0.000000,0.000000,0.000000,16,92
284334500,22.5797032214,113.9262680165,6,15,0.000000,0.000000,0.000000,46,79
284334600,22.5797014483,113.9262672103,6,15,0.000000,0.000000,0.000000,30,86
284334700,22.5796986001,113.9262671676,6,15,0.000000,0.000000,0.000000,13,49
284334800,22.5796952930,113.9262673426,6,15,0.000000,0.000000,0.000000,15,45
284334900,22.5796926304,113.9262683576,6,15,0.000000,0.000000,0.000000,-11,14
284335000,22.5796911583,113.9262691385,6,15,0.000000,0.000000,0.000000,38,26
284335100,22.5796904446,113.9262691867,6,15,0.000000,0.000000,0.000000,-7,-15
284335200,22.5796898643,113.9262685970,6,15,0.000000,0.000000,0.000000,-13,10
284335300,22.5796896163,113.9262679514,6,15,0.000000,0.000000,0.000000,8,-38
284335400,22.5796909378,113.9262670152,6,15,0.000000,0.000000,0.000000,-7,-23
284335500,22.5796923129,113.9262665143,6,15,0.000000,0.000000,0.000000,-12,-33
284335600,22.5796929459,113.9262661632,6,15,0.000000,0.000000,0.000000,-14,-32
284335700,22.5796935246,113.9262654060,6,15,0.000000,0.000000,0.000000,-4,-46
284335800,22.5796944224,113.9262652840,6,15,0.000000,0.000000,0.000000,-31,-24
284335900,22.5796954523,113.9262647644,6,15,0.000000,0.000000,0.000000,1,-59
284336000,22.5796962720,113.9262643238,6,15,0.000000,0.000000,0.000000,-17,-38
284336100,22.5796968663,113.9262637346,6,15,0.000000,0.000000,0.000000,-3,-61
284336200,22.5796982919,113.9262634381,6,15,0.000000,0.000000,0.000000,-29,-69
284336300,22.5796996233,113.9262638179,6,15,0.000000,0.000000,0.000000,-7,-45
284336400,22.5797016629,113.9262642919,6,15,0.000000,0.000000,0.000000,-29,-82
284336500,22.5797036510,113.9262652706,6,15,0.000000,0.000000,0.000000,-21,-53
284336600,22.5797059559,113.9262665698,6,15,0.000000,0.000000,0.000000,-28,-53
284336700,22.5797081823,113.9262677605,6,15,0.000000,0.000000,0.000000,-10,-66
284336800,22.5797100390,113.9262692144,6,15,0.000000,0.000000,0.000000,-17,-79
284336900,22.5797121267,113.9262712759,6,15,0.000000,0.000000,0.000000,-11,-45
284337000,22.5797139620,113.9262731035,6,15,0.000000,0.000000,0.000000,-8,-71
284337100,22.5797154731,113.9262747530,6,15,0.000000,0.000000,0.000000,-5,-51
284337200,22.5797163222,113.9262755686,6,15,0.000000,0.000000,0.000000,9,-48
284337300,22.5797168382,113.9262752499,6,15,0.000000,0.000000,0.000000,12,-33
284337400,22.5797165827,113.9262744255,6,15,0.000000,0.000000,0.000000,-12,-68
284337500,22.5797171709,113.9262736566,6,15,0.000000,0.000000,0.000000,15,-42
284337600,22.5797177079,113.9262721251,6,15,0.000000,0.000000,0.000000,20,-24
284337700,22.5797178132,113.9262708046,6,15,0.000000,0.000000,0.000000,-15,-48
284337800,22.5797180461,113.9262688195,6,15,0.000000,0.000000,0.000000,46,-27
284337900,22.5797175945,113.9262675955,6,15,0.000000,0.000000,0.000000,0,-44
284338000,22.5797166979,113.9262673227,6,15,0.000000,0.000000,0.000000,13,-1
284338100,22.5797151999,113.9262671651,6,15,0.000000,0.000000,0.000000,37,-37
284338200,22.5797137663,113.9262671408,6,15,0.000000,0.000000,0.000000,-21,-13
284338300,22.5797128048,113.9262675656,6,15,0.000000,0.000000,0.000000,26,-39
284338400,22.5797130876,113.9262676371,6,15,0.000000,0.000000,0.000000,3,8
284338500,22.5797132864,113.9262672593,6,15,0.000000,0.000000,0.000000,-26,-12
284338600,22.5797139307,113.9262659759,6,15,0.000000,0.000000,0.000000,9,6
284338700,22.5797142236,113.9262647764,6,15,0.000000,0.000000,0.000000,3,-19
284338800,22.5797134766,113.9262652873,6,15,0.000000,0.000000,0.000000,-7,9
284338900,22.5797129938,113.9262656787,6,15,0.000000,0.000000,0.000000,27,15
284339000,22.5797134609,113.9262656018,6,15,0.000000,0.000000,0.000000,-6,-13
284339100,22.5797137553,113.9262662144,6,15,0.000000,0.000000,0.000000,32,8
284339200,22.5797137531,113.9262667689,6,15,0.000000,0.000000,0.000000,-18,-10
284339300,22.5797139779,113.9262671367,6,15,0.000000,0.000000,0.000000,23,7
284339400,22.5797137380,113.9262661203,6,15,0.000000,0.000000,0.000000,20,-4
284339500,22.5797137988,113.9262659131,6,15,0.000000,0.000000,0.000000,-6,19
