534428100,22.5798426923,113.9266508126,4,12,270.219421,270.220651,0,0
534428200,22.5798427250,113.9266508042,4,12,270.209320,269.727165,-37,18
534428300,22.5798427290,113.9266508262,4,12,270.198486,269.751421,34,-7
534428400,22.5798427179,113.9266507986,4,12,270.173889,270.040736,5,18
534428500,22.5798427067,113.9266508177,4,12,270.162170,269.999425,-11,-30
534428600,22.5798427121,113.9266508008,4,12,270.143951,269.955207,-12,19
534428700,22.5798427051,113.9266508022,4,12,270.129974,270.136173,4,-19
534428800,22.5798427132,113.9266507987,4,12,270.125885,270.259993,-8,1
534428900,22.5798427178,113.9266508089,4,12,270.130585,270.103465,8,-3
534429000,22.5798427120,113.9266507916,4,12,270.129395,270.224155,8,6
534429100,22.5798427143,113.9266508125,4,12,270.120209,270.037092,-8,-12
534429200,22.5798427099,113.9266507985,4,12,270.084045,269.948059,3,9
534429300,22.5798427058,113.9266508163,4,12,270.042236,269.724526,-6,-9
534429400,22.5798427201,113.9266508142,4,12,269.973450,269.793766,-4,15
534429500,22.5798427353,113.9266508068,4,12,269.914978,269.733438,9,2
534429600,22.5798427455,113.9266507895,4,12,269.871826,269.935531,19,-16
534429700,22.5798427120,113.9266508104,4,12,269.865784,269.941787,7,-12
534429800,22.5798427100,113.9266507791,4,12,269.876434,270.084039,-33,15
534429900,22.5798427201,113.9266507972,4,12,269.918762,270.169655,0,-15
534430000,22.5798427472,113.9266507748,4,12,269.978424,269.972504,14,12
534430100,22.5798427461,113.9266507861,4,12,269.968842,269.915197,21,-13
534430200,22.5798427541,113.9266507641,4,12,269.951111,269.934033,-1,10
534430300,22.5798427529,113.9266507524,4,12,269.915192,269.751421,2,-21
534430400,22.5798427591,113.9266507945,4,12,269.906708,269.797118,-4,-12
534430500,22.5798427579,113.9266507529,4,12,269.865540,269.642349,1,53
534430600,22.5798427539,113.9266507577,4,12,269.811157,269.700050,6,-54
534430700,22.5798427598,113.9266507597,4,12,269.783966,269.775784,-8,8
534430800,22.5798427778,113.9266507331,4,12,269.801178,269.878390,7,-1
534430900,22.5798427876,113.9266507363,4,12,269.804779,269.841562,15,-18
534431000,22.5798427689,113.9266507413,4,12,269.787018,269.709754,7,-4
534431100,22.5798427715,113.9266507619,4,12,269.778809,269.856663,-15,1
534431200,22.5798427678,113.9266507514,4,12,269.827393,269.906106,2,25
534431300,22.5798427922,113.9266507535,4,12,269.837677,269.912357,-7,-10
534431400,22.5798427751,113.9266507675,4,12,269.842957,269.848630,16,3
534431500,22.5798427862,113.9266507386,4,12,269.864990,270.010707,-10,7
534431600,22.5798427737,113.9266507451,4,12,269.912231,270.020846,9,-25
534431700,22.5798427852,113.9266507325,4,12,269.941193,270.033787,-13,8
534431800,22.5798427367,113.9266507956,4,12,269.950134,269.870558,14,-17
534431900,22.5798427234,113.9266507857,4,12,269.942596,269.915781,-6,27
534432000,22.5798427348,113.9266507830,4,12,269.940765,269.842763,-13,-10
534432100,22.5798427321,113.9266507773,4,12,269.910492,269.641882,8,-7
534432200,22.5798427545,113.9266507912,4,12,269.844147,269.577941,-2,-4
534432300,22.5798427368,113.9266507923,4,12,269.783112,269.595563,25,1
534432400,22.5798427326,113.9266507825,4,12,269.742737,269.659748,-13,2
534432500,22.5798427379,113.9266507940,4,12,269.714264,269.739167,-2,-10
534432600,22.5798427356,113.9266507957,4,12,269.710541,269.797248,-1,16
534432700,22.5798427413,113.9266508002,4,12,269.709259,269.745262,-1,2
534432800,22.5798427401,113.9266507967,4,12,269.730042,269.995163,4,-3
534432900,22.5798427358,113.9266507873,4,12,269.779266,269.918624,-5,-5
534433000,22.5798427375,113.9266508095,4,12,269.813293,269.969741,-10,2
534433100,22.5798427278,113.9266508158,4,12,269.844238,269.957126,9,5
534433200,22.5798427295,113.9266507956,4,12,269.869659,269.887448,-15,13
534433300,22.5798427355,113.9266508112,4,12,269.873810,269.811839,11,-24
534433400,22.5798427359,113.9266508002,4,12,269.864624,269.811839,0,16
534433500,22.5798427271,113.9266508247,4,12,269.844360,269.733553,6,-16
534433600,22.5798427417,113.9266507961,4,12,269.832153,269.471676,-19,37
534433700,22.5798427224,113.9266508057,4,12,269.764709,269.483008,9,-29
534433800,22.5798427217,113.9266508046,4,12,269.698212,269.557945,2,-8
534433900,22.5798427276,113.9266507903,4,12,269.674194,269.757594,-6,3
534434000,22.5798427286,113.9266508147,4,12,269.701904,269.897014,2,-5
534434100,22.5798427248,113.9266508116,4,12,269.710083,269.814981,2,24
534434200,22.5798427140,113.9266508135,4,12,269.740997,270.071170,-6,-3
534434300,22.5798427460,113.9266508062,4,12,269.825684,270.184595,-11,-1
534434400,22.5798427275,113.9266507938,4,12,269.927979,270.319784,35,-14
534434500,22.5798427292,113.9266508080,4,12,269.977661,269.772622,-19,-7
534434600,22.5798427289,113.9266508235,4,12,269.943909,269.709754,2,11
534434700,22.5798427166,113.9266508126,4,12,269.895325,269.652724,-4,17
534434800,22.5798427323,113.9266508020,4,12,269.837708,269.592321,-14,-10
534434900,22.5798427297,113.9266508432,4,12,269.732666,269.347139,18,-19
534435000,22.5798427225,113.9266508256,4,12,269.634125,269.300068,-4,44
534435100,22.5798427246,113.9266508207,4,12,269.561981,269.483008,-7,-20
534435200,22.5798427489,113.9266508152,4,12,269.532501,269.534905,1,-6
534435300,22.5798427417,113.9266508075,4,12,269.522522,269.916857,24,-2
534435400,22.5798427325,113.9266508149,4,12,269.598846,270.039280,-3,-19
534435500,22.5798427560,113.9266508007,4,12,269.683563,269.963895,-18,22
534435600,22.5798427748,113.9266507992,4,12,269.744293,269.951469,27,-23
534435700,22.5798427530,113.9266508190,4,12,269.776215,269.739813,18,-3
534435800,22.5798427619,113.9266507788,4,12,269.770294,269.769636,-19,16
534435900,22.5798427588,113.9266507847,4,12,269.786224,269.904485,12,-8
534436000,22.5798427552,113.9266507804,4,12,269.801605,269.790685,-3,1
534436100,22.5798427705,113.9266507930,4,12,269.794891,269.694081,-3,-3
534436200,22.5798427701,113.9266507598,4,12,269.780334,269.772725,16,3
534436300,22.5798427754,113.9266508073,4,12,269.776001,269.715130,-1,-34
534436400,22.5798427961,113.9266507756,4,12,269.774323,269.797118,-1,58
534436500,22.5798427874,113.9266507230,4,12,269.779602,269.721140,26,-46
534436600,22.5798427882,113.9266507384,4,12,269.760559,269.578653,-10,-52
534436700,22.5798428028,113.9266507268,4,12,269.710754,269.494397,0,40
534436800,22.5798427981,113.9266507331,4,12,269.675446,269.621482,15,-25
534436900,22.5798428012,113.9266507660,4,12,269.693573,269.805922,-8,17
534437000,22.5798427882,113.9266507308,4,12,269.715057,269.872213,1,34
534437100,22.5798428054,113.9266507392,4,12,269.769196,270.077596,-11,-39
534437200,22.5798428076,113.9266507392,4,12,269.831299,270.005172,12,14
534437300,22.5798428036,113.9266507514,4,12,269.916870,270.290081,3,-2
534437400,22.5798428081,113.9266507299,4,12,270.021790,270.419207,-6,12
534437500,22.5798427967,113.9266507333,4,12,270.092957,270.029654,6,-23
534437600,22.5798428136,113.9266507405,4,12,270.064026,269.748579,-14,-2
534437700,22.5798428025,113.9266507207,4,12,269.997711,269.540643,16,-3
534437800,22.5798427540,113.9266507218,4,12,269.919922,269.827222,-11,-3
534437900,22.5798427500,113.9266507477,4,12,269.888092,269.673139,3,-2
534438000,22.5798427381,113.9266507475,4,12,269.831696,269.612406,-1,1
534438100,22.5798427449,113.9266507793,4,12,269.754456,269.615052,-13,5
534438200,22.5798427463,113.9266507860,4,12,269.737183,270.027980,4,30
534438300,22.5798427263,113.9266507700,4,12,269.793976,270.021575,3,-1
534438400,22.5798427329,113.9266507591,4,12,269.863251,270.171217,-22,-11
534438500,22.5798427275,113.9266507753,4,12,269.922546,270.043524,8,-16
534438600,22.5798427401,113.9266507703,4,12,269.966492,270.230807,-5,2
534438700,22.5798427145,113.9266507764,4,12,270.045898,270.360364,11,13
534438800,22.5798427207,113.9266507883,4,12,270.150024,270.496513,-32,9
534438900,22.5798427180,113.9266507864,4,12,270.272888,270.710593,8,6
534439000,22.5798427254,113.9266507813,4,12,270.404053,270.815627,-1,-15
534439100,22.5798427236,113.9266507992,4,12,270.533173,270.823012,4,4
534439200,22.5798427196,113.9266508103,4,12,270.629242,270.893939,-4,29
534439300,22.5798427168,113.9266507885,4,12,270.690796,270.567102,-2,7
534439400,22.5798427246,113.9266508008,4,12,270.648193,270.193598,-6,-27
534439500,22.5798427435,113.9266507928,4,12,270.557037,269.922068,7,18
534439600,22.5798427304,113.9266507966,4,12,270.421967,269.784973,19,-7
534439700,22.5798427150,113.9266507915,4,12,270.263092,269.487852,-12,-2
534439800,22.5798427469,113.9266508133,4,12,270.089203,269.476332,-16,12
534439900,22.5798427642,113.9266507759,4,12,269.978546,269.736179,7,13
534440000,22.5798427641,113.9266507852,4,12,269.924011,269.937521,21,-45
534440100,22.5798427560,113.9266507783,4,12,269.900269,270.125619,-1,17
534440200,22.5798427548,113.9266507904,4,12,269.924805,270.333011,-10,6
534440300,22.5798427505,113.9266508004,4,12,269.999939,270.333011,-4,-12
534440400,22.5798427531,113.9266507890,4,12,270.071899,270.396887,-7,9
534440500,22.5798427741,113.9266507534,4,12,270.158447,270.519617,4,-11
534440600,22.5798427771,113.9266507796,4,12,270.238129,270.462892,22,-50
534440700,22.5798427397,113.9266507818,4,12,270.297699,270.448987,1,36
534440800,22.5798427586,113.9266507928,4,12,270.331696,270.312643,-36,24
534440900,22.5798427815,113.9266507720,4,12,270.311340,270.099573,16,-2
534441000,22.5798427865,113.9266507549,4,12,270.286316,270.136987,22,-1
534441100,22.5798427756,113.9266507733,4,12,270.258728,270.080211,5,-26
534441200,22.5798427563,113.9266507601,4,12,270.212982,269.976383,-8,9
534441300,22.5798427515,113.9266507713,4,12,270.152252,269.910663,-25,-24
534441400,22.5798427464,113.9266507602,4,12,270.095978,269.835478,-8,17
534441500,22.5798427883,113.9266507655,4,12,270.037476,269.976383,-3,-4
534441600,22.5798427727,113.9266507474,4,12,269.977997,269.635221,39,-10
534441700,22.5798427751,113.9266507409,4,12,269.859863,269.460401,-15,-10
534441800,22.5798427443,113.9266508038,4,12,269.725067,269.262107,0,5
534441900,22.5798427396,113.9266507459,4,12,269.586823,269.146327,-10,54
534442000,22.5798427578,113.9266507747,4,12,269.445160,269.083033,-2,-67
534442100,22.5798427679,113.9266507668,4,12,269.347290,269.292778,14,24
534442200,22.5798427311,113.9266507312,4,12,269.288086,269.567023,8,0
534442300,22.5798427351,113.9266507369,4,12,269.319031,269.881259,-35,-42
534442400,22.5798427574,113.9266507319,4,12,269.398743,269.824040,5,-1
534442500,22.5798427620,113.9266507222,4,12,269.476257,269.924907,19,-5
534442600,22.5798427610,113.9266507540,4,12,269.552032,269.899871,2,-14
534442700,22.5798427429,113.9266507330,4,12,269.607239,269.757594,-3,38
534442800,22.5798427511,113.9266506928,4,12,269.627197,269.708925,-21,-6
534442900,22.5798427550,113.9266507355,4,12,269.648407,269.784973,13,-57
534443000,22.5798427589,113.9266507293,4,12,269.613159,269.391666,-7,50
534443100,22.5798427588,113.9266507432,4,12,269.551910,269.305546,5,-12
534443200,22.5798427480,113.9266507173,4,12,269.510986,269.552163,-2,26
534443300,22.5798427824,113.9266506953,4,12,269.517334,269.633250,-9,-32
534443400,22.5798427505,113.9266507327,4,12,269.551270,269.790997,29,-34
534443500,22.5798427806,113.9266507161,4,12,269.583893,269.509204,-33,60
534443600,22.5798427571,113.9266507238,4,12,269.547272,269.376350,37,-29
534443700,22.5798427500,113.9266507361,4,12,269.535217,269.633749,-34,19
534443800,22.5798427611,113.9266507258,4,12,269.578766,269.818561,-6,9
534443900,22.5798427597,113.9266507514,4,12,269.625031,269.742337,22,-49
534444000,22.5798427513,113.9266507262,4,12,269.644531,269.657377,-5,40
534444100,22.5798427561,113.9266507363,4,12,269.630249,269.520704,-4,-39
534444200,22.5798427806,113.9266507146,4,12,269.656372,270.189455,-1,24
534444300,22.5798427501,113.9266507605,4,12,269.779663,270.196089,27,-31
534444400,22.5798427719,113.9266507635,4,12,269.884583,270.189455,-33,45
534444500,22.5798427814,113.9266507581,4,12,269.972443,270.182838,19,3
534444600,22.5798427446,113.9266507689,4,12,270.072662,270.412927,7,-6
534444700,22.5798427606,113.9266507266,4,12,270.176697,270.392231,-37,9
534444800,22.5798427679,113.9266507648,4,12,270.258606,270.378521,15,-42
534444900,22.5798427735,113.9266507598,4,12,270.314636,270.321734,9,30
534445000,22.5798427727,113.9266507493,4,12,270.354980,270.248995,-1,10
534445100,22.5798427957,113.9266507401,4,12,270.364075,270.172161,-2,-15
534445200,22.5798428090,113.9266507469,4,12,270.355591,270.093102,24,-22
534445300,22.5798427867,113.9266508008,4,12,270.317657,270.020589,14,19
534445400,22.5798427741,113.9266507776,4,12,270.293427,270.150005,-28,62
534445500,22.5798427986,113.9266507481,4,12,270.222504,269.842459,-18,-23
534445600,22.5798427889,113.9266507447,4,12,270.140869,269.642349,28,-29
534445700,22.5798427964,113.9266507816,4,12,270.046997,269.784891,-7,-17
534445800,22.5798427737,113.9266507827,4,12,270.000153,269.854816,1,51
534445900,22.5798427645,113.9266507905,4,12,270.002136,269.915197,7,-16
534446000,22.5798427691,113.9266507824,4,12,269.989258,270.119082,-14,17
534446100,22.5798427776,113.9266507630,4,12,270.046967,270.439899,2,-6
534446200,22.5798427648,113.9266507857,4,12,270.097351,270.163088,16,-35
534446300,22.5798427632,113.9266507823,4,12,270.194366,270.353558,-13,20
534446400,22.5798427587,113.9266507770,4,12,270.241760,270.353558,-1,-17
534446500,22.5798427537,113.9266507694,4,12,270.268311,270.219961,-11,10
534446600,22.5798427692,113.9266507684,4,12,270.304138,270.432985,4,-24
534446700,22.5798427476,113.9266507513,4,12,270.278168,269.836304,8,2
534446800,22.5798427086,113.9266508000,4,12,270.188965,269.817932,-18,-20
534446900,22.5798427351,113.9266508112,4,12,270.091980,269.610358,-13,36
534447000,22.5798427237,113.9266507959,4,12,269.988770,269.691241,19,23
534447100,22.5798427308,113.9266507970,4,12,269.912811,269.549687,-10,-17
534447200,22.5798427261,113.9266507964,4,12,269.821625,269.612983,6,2
534447300,22.5798427045,113.9266507615,4,12,269.766296,269.739541,-2,-16
534447400,22.5798427190,113.9266507769,4,12,269.746490,269.808884,-18,-32
534447500,22.5798427030,113.9266507997,4,12,269.791046,269.948059,8,26
534447600,22.5798427147,113.9266507811,4,12,269.814758,270.007879,-17,18
534447700,22.5798427220,113.9266508275,4,12,269.823822,269.802802,9,-17
534447800,22.5798427039,113.9266508032,4,12,269.835785,270.014226,1,53
534447900,22.5798427163,113.9266508168,4,12,269.864288,269.868930,-14,-21
534448000,22.5798427034,113.9266508007,4,12,269.854736,269.817932,5,32
534448100,22.5798426890,113.9266507887,4,12,269.847717,269.881259,-8,-35
534448200,22.5798427034,113.9266508283,4,12,269.865601,270.010579,-17,-11
534448300,22.5798426965,113.9266508013,4,12,269.891937,270.004252,18,29
534448400,22.5798427105,113.9266507559,4,12,269.909271,269.862789,-11,-24
534448500,22.5798427016,113.9266508154,4,12,269.880249,269.688128,13,-44
534448600,22.5798427119,113.9266508091,4,12,269.854706,269.827222,-10,67
534448700,22.5798426951,113.9266508290,4,12,269.868561,269.618826,11,-14
534448800,22.5798427000,113.9266508095,4,12,269.809143,269.630558,-17,11
534448900,22.5798426994,113.9266507717,4,12,269.770294,269.712031,-4,-5
534449000,22.5798426907,113.9266508000,4,12,269.758453,269.787989,6,-49
534449100,22.5798426837,113.9266508000,4,12,269.758209,269.845700,-11,32
534449200,22.5798426996,113.9266508042,4,12,269.772797,269.912357,-7,-4
534449300,22.5798427070,113.9266507999,4,12,269.815613,270.096973,14,5
534449400,22.5798427052,113.9266508173,4,12,269.905945,270.317089,10,-11
534449500,22.5798427182,113.9266508075,4,12,269.970581,269.915781,-3,13
534449600,22.5798427206,113.9266507737,4,12,269.962341,269.851891,16,-11
534449700,22.5798426964,113.9266507682,4,12,269.949188,269.918624,-1,-34
534449800,22.5798427076,113.9266507739,4,12,269.932037,269.815577,-16,-8
534449900,22.5798427433,113.9266507928,4,12,269.858978,269.300209,-26,32
534450000,22.5798427204,113.9266507815,4,12,269.728821,269.300209,33,29
534450100,22.5798427282,113.9266507676,4,12,269.645844,269.543879,-21,-23
534450200,22.5798427290,113.9266507859,4,12,269.622345,269.675256,7,-14
534450300,22.5798427261,113.9266507604,4,12,269.653809,269.946670,-4,28
534450400,22.5798427337,113.9266508038,4,12,269.719208,270.191945,5,-44
534450500,22.5798427403,113.9266508042,4,12,269.839783,270.448987,-3,59
534450600,22.5798427301,113.9266507887,4,12,269.986603,270.507662,4,3
534450700,22.5798427637,113.9266507755,4,12,270.081238,270.238080,-9,-23
534450800,22.5798427346,113.9266507787,4,12,270.130402,270.115145,32,-9
534450900,22.5798427436,113.9266507739,4,12,270.135223,269.896505,-26,-7
534451000,22.5798427250,113.9266507954,4,12,270.084991,269.820875,12,-7
534451100,22.5798427270,113.9266507818,4,12,270.043274,269.763642,-23,24
534451200,22.5798427161,113.9266507782,4,12,269.977539,269.618826,2,-15
534451300,22.5798427360,113.9266507844,4,12,269.910004,269.811839,-9,-12
534451400,22.5798427327,113.9266507887,4,12,269.890747,269.830164,13,18
534451500,22.5798427311,113.9266508196,4,12,269.913757,270.119082,-3,-1
534451600,22.5798427190,113.9266507848,4,12,269.977386,270.072079,-4,33
534451700,22.5798427095,113.9266508276,4,12,270.000946,269.998813,2,-42
534451800,22.5798427175,113.9266508000,4,12,269.987122,269.806412,-16,54
534451900,22.5798426999,113.9266508008,4,12,269.973083,269.975753,11,-39
534452000,22.5798427263,113.9266508188,4,12,269.950928,269.693000,-17,-1
534452100,22.5798427186,113.9266508089,4,12,269.875854,269.338710,24,19
534452200,22.5798427075,113.9266507807,4,12,269.726746,269.124767,-6,-18
534452300,22.5798427185,113.9266508333,4,12,269.565674,269.071224,-15,-29
534452400,22.5798427373,113.9266508009,4,12,269.443481,269.468301,7,60
534452500,22.5798427321,113.9266507990,4,12,269.405396,269.287343,22,-35
534452600,22.5798426911,113.9266508140,4,12,269.358276,269.423061,-5,-11
534452700,22.5798427108,113.9266508411,4,12,269.350067,269.492064,-40,10
534452800,22.5798427154,113.9266508365,4,12,269.362823,269.676267,12,32
534452900,22.5798427354,113.9266508067,4,12,269.415192,269.875087,7,-6
534453000,22.5798427153,113.9266508126,4,12,269.483612,269.727581,22,-42
534453100,22.5798426942,113.9266508281,4,12,269.517670,269.676267,-23,13
534453200,22.5798427111,113.9266507968,4,12,269.543488,269.523472,-24,20
534453300,22.5798427174,113.9266508309,4,12,269.531952,269.517777,21,-35
534453400,22.5798427196,113.9266508105,4,12,269.535248,269.670359,1,31
534453500,22.5798426969,113.9266508181,4,12,269.574951,269.799698,5,-23
534453600,22.5798426946,113.9266508366,4,12,269.646820,269.913473,-28,11
534453700,22.5798427003,113.9266507978,4,12,269.709930,269.919662,-2,16
534453800,22.5798427126,113.9266507619,4,12,269.772278,270.016921,13,-47
534453900,22.5798427050,113.9266507621,4,12,269.864044,270.178739,9,-2
534454000,22.5798426981,113.9266507750,4,12,269.966003,270.095700,-11,8
534454100,22.5798426978,113.9266507778,4,12,270.014099,269.972504,-13,22
534454200,22.5798427075,113.9266507783,4,12,269.999390,269.657377,5,-15
534454300,22.5798427082,113.9266507679,4,12,269.970215,269.857735,7,4
534454400,22.5798427093,113.9266507669,4,12,269.969238,270.073789,-1,-11
534454500,22.5798427051,113.9266507454,4,12,270.007050,270.014226,-1,-5
534454600,22.5798427018,113.9266507593,4,12,270.010712,269.878390,-3,-25
534454700,22.5798427099,113.9266507737,4,12,270.006805,269.960651,-3,14
534454800,22.5798427182,113.9266507492,4,12,270.035583,270.270004,5,20
534454900,22.5798427153,113.9266507420,4,12,270.089630,270.014226,8,-22
534455000,22.5798427066,113.9266507600,4,12,270.076935,269.878390,-3,-11
534455100,22.5798427226,113.9266507457,4,12,269.998230,269.517350,-15,23
534455200,22.5798426970,113.9266507471,4,12,269.897339,269.706033,17,-16
534455300,22.5798427101,113.9266507095,4,12,269.860077,269.836304,-25,5
534455400,22.5798427266,113.9266507312,4,12,269.852386,269.854816,21,-54
534455500,22.5798427295,113.9266507337,4,12,269.860626,269.931206,14,20
534455600,22.5798427172,113.9266507348,4,12,269.884064,269.830164,4,-1
534455700,22.5798427080,113.9266507210,4,12,269.872650,269.887448,-14,5
534455800,22.5798427108,113.9266507576,4,12,269.895447,270.086648,-12,-7
534455900,22.5798427214,113.9266507500,4,12,269.931793,270.029654,10,-21
534456000,22.5798427113,113.9266507676,4,12,269.934052,269.893651,12,-12
534456100,22.5798427021,113.9266507830,4,12,269.929016,269.881259,-16,23
534456200,22.5798427213,113.9266507634,4,12,269.948120,270.163088,-12,17
534456300,22.5798426987,113.9266507582,4,12,270.032776,270.383130,18,-18
534456400,22.5798427351,113.9266507738,4,12,270.149292,270.519617,-22,-6
534456500,22.5798427148,113.9266507972,4,12,270.250244,270.519617,32,18
534456600,22.5798426967,113.9266507394,4,12,270.351868,270.719684,-19,22
534456700,22.5798427066,113.9266507495,4,12,270.465912,270.719684,-15,-63
534456800,22.5798427039,113.9266507673,4,12,270.548859,270.469871,10,10
534456900,22.5798427158,113.9266507944,4,12,270.566589,270.333011,-8,25
534457000,22.5798427079,113.9266507842,4,12,270.553650,270.362625,14,22
534457100,22.5798427001,113.9266507683,4,12,270.509369,270.023279,-10,-11
534457200,22.5798427053,113.9266507878,4,12,270.417389,269.963425,-6,-18
534457300,22.5798427013,113.9266507660,4,12,270.294952,269.483008,7,20
534457400,22.5798427158,113.9266507818,4,12,270.107117,269.283717,-8,-19
534457500,22.5798426814,113.9266507750,4,12,269.906586,269.220284,13,10
534457600,22.5798426978,113.9266508160,4,12,269.748322,269.356198,-30,-13
534457700,22.5798427007,113.9266508262,4,12,269.618683,269.419609,9,5
534457800,22.5798427089,113.9266508508,4,12,269.544403,269.612983,4,8
534457900,22.5798427057,113.9266508005,4,12,269.531586,269.742580,2,33
534458000,22.5798427242,113.9266508144,4,12,269.577087,269.997942,-1,-52
534458100,22.5798427048,113.9266508335,4,12,269.674957,270.176491,15,14
534458200,22.5798427135,113.9266508095,4,12,269.763031,270.111148,-19,14
534458300,22.5798427259,113.9266508442,4,12,269.835175,270.174019,9,-21
534458400,22.5798427166,113.9266508242,4,12,269.926361,270.342276,10,34
534458500,22.5798427132,113.9266508486,4,12,269.973236,269.950843,-13,-15
534458600,22.5798427145,113.9266508215,4,12,269.972778,269.969741,-2,21
534458700,22.5798427167,113.9266508433,4,12,269.973541,269.969741,-2,-25
534458800,22.5798427237,113.9266508286,4,12,270.017273,270.266725,4,15
534458900,22.5798427284,113.9266508424,4,12,270.104675,270.125619,11,-26
534459000,22.5798427138,113.9266508341,4,12,270.119690,270.061769,-6,30
534459100,22.5798427208,113.9266508170,4,12,270.120056,270.042451,-6,-22
534459200,22.5798427374,113.9266507959,4,12,270.134644,270.178739,4,-15
534459300,22.5798427186,113.9266507992,4,12,270.167969,270.036044,18,-19
534459400,22.5798427381,113.9266507992,4,12,270.140106,269.824040,-19,4
534459500,22.5798427390,113.9266508477,4,12,270.064484,269.688128,21,-20
534459600,22.5798427315,113.9266508235,4,12,270.001923,269.827222,-8,60
534459700,22.5798427484,113.9266508003,4,12,269.968964,269.960651,-6,-25
534459800,22.5798427270,113.9266508219,4,12,269.959564,269.909509,16,-27
534459900,22.5798427237,113.9266508214,4,12,269.929047,269.766677,-13,31
534460000,22.5798427547,113.9266508306,4,12,269.895477,269.836583,-8,6
534460100,22.5798427258,113.9266508175,4,12,269.869904,269.742500,34,1
534460200,22.5798427197,113.9266508356,4,12,269.831879,269.742500,-27,-15
534460300,22.5798427212,113.9266507934,4,12,269.783752,269.543097,-14,28
534460400,22.5798427098,113.9266507904,4,12,269.722900,269.609773,7,-59
534460500,22.5798427179,113.9266508443,4,12,269.676819,269.540643,-11,0
534460600,22.5798427284,113.9266508459,4,12,269.640930,269.802802,0,61
534460700,22.5798427258,113.9266508131,4,12,269.666595,269.887448,8,6
534460800,22.5798427236,113.9266508308,4,12,269.694427,269.842459,0,-44
534460900,22.5798427101,113.9266508045,4,12,269.729431,270.262395,3,12
534461000,22.5798427174,113.9266508471,4,12,269.843384,270.319415,-13,-24
534461100,22.5798427322,113.9266508518,4,12,269.925018,270.048874,1,48
534461200,22.5798427213,113.9266507958,4,12,269.988556,270.248995,11,9
534461300,22.5798427141,113.9266507932,4,12,270.047577,270.178739,-5,-68
534461400,22.5798426918,113.9266508347,4,12,270.101593,270.392231,-10,-2
534461500,22.5798427017,113.9266508446,4,12,270.181885,270.371692,-21,33
534461600,22.5798427266,113.9266508197,4,12,270.197113,270.019610,8,14
534461700,22.5798427110,113.9266508626,4,12,270.166992,270.139519,25,-30
534461800,22.5798426954,113.9266508108,4,12,270.174866,270.089251,-21,46
534461900,22.5798426865,113.9266508217,4,12,270.158295,269.959898,6,-34
534462000,22.5798426964,113.9266507852,4,12,270.128021,269.985173,-13,14
534462100,22.5798426801,113.9266508315,4,12,270.082428,269.751561,11,-41
534462200,22.5798427022,113.9266508132,4,12,270.017487,269.808884,-18,46
534462300,22.5798426741,113.9266507960,4,12,269.973022,269.821094,24,-26
534462400,22.5798426772,113.9266508010,4,12,269.937317,269.833366,-27,-15
534462500,22.5798426976,113.9266507953,4,12,269.878815,269.866052,1,3
534462600,22.5798426837,113.9266508040,4,12,269.858368,269.787710,18,-8
534462700,22.5798426980,113.9266508128,4,12,269.847015,269.941787,-11,5
534462800,22.5798427014,113.9266507941,4,12,269.847473,269.872213,8,14
534462900,22.5798426748,113.9266507921,4,12,269.839081,269.833366,8,-25
534463000,22.5798426881,113.9266508385,4,12,269.803802,269.667227,-28,0
534463100,22.5798426830,113.9266508122,4,12,269.769348,269.821094,5,52
534463200,22.5798426901,113.9266508135,4,12,269.755920,269.700050,0,-30
534463300,22.5798426939,113.9266507846,4,12,269.713409,269.624685,6,0
534463400,22.5798427011,113.9266508220,4,12,269.684601,269.618826,8,-35
534463500,22.5798426982,113.9266508054,4,12,269.658295,269.670359,2,42
534463600,22.5798427194,113.9266507902,4,12,269.643250,269.658588,-4,-23
534463700,22.5798427167,113.9266507992,4,12,269.628906,269.790685,6,-1
534463800,22.5798427173,113.9266507641,4,12,269.648376,269.802802,-2,5
534463900,22.5798427016,113.9266507682,4,12,269.668274,269.727581,8,-49
534464000,22.5798426968,113.9266507862,4,12,269.664886,269.658588,-21,11
534464100,22.5798427239,113.9266507685,4,12,269.653870,269.664466,-8,25
534464200,22.5798427323,113.9266507787,4,12,269.620605,269.543937,27,-21
534464300,22.5798427117,113.9266507572,4,12,269.589081,269.434285,9,6
534464400,22.5798427262,113.9266507771,4,12,269.527985,269.301838,-20,-26
534464500,22.5798427472,113.9266507507,4,12,269.486694,269.492064,10,28
534464600,22.5798427209,113.9266507805,4,12,269.495819,269.494397,23,-27
534464700,22.5798427310,113.9266507595,4,12,269.493652,269.827222,-32,34
534464800,22.5798427485,113.9266507900,4,12,269.573730,270.046203,17,-35
534464900,22.5798427332,113.9266507832,4,12,269.703186,270.246581,13,32
534465000,22.5798427339,113.9266507984,4,12,269.827850,270.033363,-16,-5
534465100,22.5798427397,113.9266507946,4,12,269.869385,269.688128,0,15
534465200,22.5798427203,113.9266507858,4,12,269.862457,269.899871,7,-10
534465300,22.5798427439,113.9266507723,4,12,269.912964,270.106059,-18,-5
534465400,22.5798427386,113.9266507767,4,12,269.948700,269.893651,25,-21
534465500,22.5798427600,113.9266507964,4,12,269.946472,269.757594,-9,9
534465600,22.5798427426,113.9266507984,4,12,269.946106,270.033363,20,11
534465700,22.5798427304,113.9266507907,4,12,270.010345,270.239901,-18,7
534465800,22.5798426977,113.9266507856,4,12,270.117859,270.239901,-7,-18
534465900,22.5798427260,113.9266508167,4,12,270.166840,270.176238,2,-34
534466000,22.5798427179,113.9266508234,4,12,270.182800,270.052647,25,37
534466100,22.5798427220,113.9266508100,4,12,270.185333,270.119082,-12,11
534466200,22.5798427379,113.9266507947,4,12,270.198120,269.861019,9,-23
534466300,22.5798427225,113.9266507941,4,12,270.143494,269.873471,14,-12
534466400,22.5798427316,113.9266508270,4,12,270.096375,269.854816,-19,-1
534466500,22.5798427194,113.9266507936,4,12,270.054535,269.861019,11,31
534466600,22.5798427345,113.9266507772,4,12,269.996185,269.861019,-11,-44
534466700,22.5798427346,113.9266507876,4,12,269.966034,269.854816,12,-7
534466800,22.5798427299,113.9266507648,4,12,269.945251,269.908951,1,11
534466900,22.5798427334,113.9266508200,4,12,269.942932,269.966193,-2,-25
534467000,22.5798427226,113.9266507842,4,12,269.932068,269.578653,-3,51
534467100,22.5798427169,113.9266507708,4,12,269.850586,269.584491,-4,-45
534467200,22.5798427376,113.9266507830,4,12,269.794708,269.715130,-11,-7
534467300,22.5798427566,113.9266507912,4,12,269.742218,269.578653,24,5
534467400,22.5798427467,113.9266507857,4,12,269.691467,269.395190,13,13
534467500,22.5798427302,113.9266507539,4,12,269.612701,269.526475,-5,-10
534467600,22.5798427339,113.9266507739,4,12,269.571442,269.520704,-15,-40
534467700,22.5798427491,113.9266507840,4,12,269.559875,269.700050,1,19
534467800,22.5798427148,113.9266507999,4,12,269.583679,269.694081,14,9
534467900,22.5798427044,113.9266507504,4,12,269.592896,269.751561,7,11
534468000,22.5798427084,113.9266507754,4,12,269.611694,269.745543,-10,-51
534468100,22.5798427263,113.9266507711,4,12,269.648926,269.859907,4,22
534468200,22.5798427261,113.9266507655,4,12,269.677643,269.812023,12,2
534468300,22.5798427218,113.9266507775,4,12,269.705353,269.897014,0,-13
534468400,22.5798427093,113.9266507901,4,12,269.737732,269.830420,-8,18
534468500,22.5798427156,113.9266507898,4,12,269.769257,269.903254,-12,8
534468600,22.5798427368,113.9266507708,4,12,269.814880,269.928372,4,0
534468700,22.5798427373,113.9266507755,4,12,269.840332,269.995163,23,-26
534468800,22.5798427224,113.9266507684,4,12,269.882446,269.918624,-4,13
534468900,22.5798427202,113.9266507709,4,12,269.894928,269.899871,-18,-6
534469000,22.5798427472,113.9266507500,4,12,269.892120,269.808884,-3,3
534469100,22.5798427252,113.9266507790,4,12,269.859375,269.546396,30,-34
534469200,22.5798426978,113.9266507852,4,12,269.786774,269.462642,-24,24
534469300,22.5798427362,113.9266507819,4,12,269.715088,269.468290,-30,15
534469400,22.5798427473,113.9266507522,4,12,269.615234,269.200571,34,3
534469500,22.5798427481,113.9266507603,4,12,269.544006,269.352656,9,-29
534469600,22.5798427265,113.9266507412,4,12,269.479553,269.294604,0,5
534469700,22.5798427008,113.9266507855,4,12,269.443939,269.540643,19,-25
534469800,22.5798426705,113.9266507813,4,12,269.439148,269.500114,-34,55
534469900,22.5798426956,113.9266507698,4,12,269.459747,269.630558,-31,-4
534470000,22.5798427062,113.9266507832,4,12,269.487701,269.781879,24,-7
534470100,22.5798427246,113.9266507837,4,12,269.525604,269.633250,12,2
534470200,22.5798426858,113.9266507712,4,12,269.557892,269.763642,15,3
534470300,22.5798426892,113.9266507676,4,12,269.636230,269.827222,-36,-23
534470400,22.5798427156,113.9266507726,4,12,269.679352,269.802802,5,-4
534470500,22.5798426913,113.9266507909,4,12,269.678925,269.466031,18,14
534470600,22.5798427169,113.9266508004,4,12,269.626953,269.419609,-27,20
534470700,22.5798427119,113.9266507849,4,12,269.577911,269.397319,29,-3
534470800,22.5798427221,113.9266507888,4,12,269.528503,269.330673,-12,-2
534470900,22.5798427068,113.9266508008,4,12,269.471222,269.267489,10,0
534471000,22.5798427059,113.9266508016,4,12,269.429047,269.372824,-17,13
534471100,22.5798427254,113.9266507741,4,12,269.443848,269.830164,3,-7
534471200,22.5798427147,113.9266508035,4,12,269.521881,269.887448,18,-24
534471300,22.5798427057,113.9266507727,4,12,269.625275,270.150005,-19,35
534471400,22.5798427200,113.9266507792,4,12,269.751740,270.182838,-5,-39
534471500,22.5798427114,113.9266508022,4,12,269.853912,269.854816,19,-6
534471600,22.5798427009,113.9266507534,4,12,269.874451,269.854816,-15,30
534471700,22.5798427223,113.9266507705,4,12,269.880615,269.775784,-4,-55
534471800,22.5798427194,113.9266507662,4,12,269.885651,269.858097,17,21
534471900,22.5798427044,113.9266507599,4,12,269.921692,269.781879,-7,6
534472000,22.5798427035,113.9266507509,4,12,269.906464,269.769705,-20,8
534472100,22.5798427161,113.9266507559,4,12,269.905945,269.906106,0,-17
534472200,22.5798427059,113.9266507506,4,12,269.931030,269.982420,14,-4
534472300,22.5798426835,113.9266507401,4,12,269.918365,269.854816,-11,0
534472400,22.5798427065,113.9266507277,4,12,269.911102,269.778800,-6,-7
534472500,22.5798426899,113.9266507447,4,12,269.872253,269.578653,20,-7
534472600,22.5798426758,113.9266507274,4,12,269.817749,269.613903,-17,13
534472700,22.5798426766,113.9266507357,4,12,269.750122,269.347886,-16,-18
534472800,22.5798426872,113.9266507158,4,12,269.659271,269.459163,0,5
534472900,22.5798426974,113.9266507249,4,12,269.611420,269.505845,10,-21
534473000,22.5798426970,113.9266507076,4,12,269.565338,269.438675,12,6
534473100,22.5798427018,113.9266507190,4,12,269.521576,269.508225,-4,-20
534473200,22.5798426826,113.9266507159,4,12,269.497406,269.416147,4,15
534473300,22.5798426866,113.9266507078,4,12,269.485077,269.679066,-21,-3
534473400,22.5798426887,113.9266506957,4,12,269.511444,269.673139,-2,1
534473500,22.5798426907,113.9266506922,4,12,269.524292,269.563742,10,-32
534473600,22.5798426804,113.9266506593,4,12,269.532166,269.751561,8,-7
534473700,22.5798426695,113.9266506939,4,12,269.577545,269.808884,-13,-34
534473800,22.5798426895,113.9266507403,4,12,269.627472,269.808884,-19,45
534473900,22.5798426937,113.9266507187,4,12,269.683105,269.748521,28,-4
534474000,22.5798426647,113.9266507312,4,12,269.700165,269.754558,3,-21
534474100,22.5798426710,113.9266506841,4,12,269.723907,269.824272,-25,8
534474200,22.5798427110,113.9266507331,4,12,269.779816,270.017891,9,-49
534474300,22.5798426692,113.9266507100,4,12,269.805847,269.760610,31,67
534474400,22.5798426544,113.9266507194,4,12,269.804291,269.702923,-34,-35
534474500,22.5798426747,113.9266507324,4,12,269.795258,269.781879,-22,11
534474600,22.5798426758,113.9266507082,4,12,269.814819,269.867237,22,11
534474700,22.5798426507,113.9266507053,4,12,269.846252,269.912357,7,-24
534474800,22.5798426707,113.9266506909,4,12,269.869507,269.839525,-31,-2
534474900,22.5798426443,113.9266507138,4,12,269.866760,269.775784,15,-12
534475000,22.5798426685,113.9266506949,4,12,269.844177,269.696936,-24,22
534475100,22.5798426537,113.9266506974,4,12,269.843506,269.821094,30,-25
534475200,22.5798426594,113.9266506924,4,12,269.847687,269.872213,-21,9
534475300,22.5798426310,113.9266507356,4,12,269.860168,269.878390,10,-11
534475400,22.5798426632,113.9266507201,4,12,269.880127,269.957126,-35,52
534475500,22.5798426381,113.9266506817,4,12,269.914612,270.023279,34,-28
534475600,22.5798426624,113.9266507395,4,12,269.996368,270.371692,-19,-37
534475700,22.5798426490,113.9266507671,4,12,270.093292,270.344549,5,2
534475800,22.5798426596,113.9266507389,4,12,270.146332,270.070001,-19,36
534475900,22.5798426568,113.9266507617,4,12,270.189056,270.344549,13,-37
534476000,22.5798426798,113.9266507413,4,12,270.226013,270.281392,-6,24
534476100,22.5798426562,113.9266507452,4,12,270.254944,270.146014,23,-19
534476200,22.5798426276,113.9266507187,4,12,270.243195,270.032333,-26,8
534476300,22.5798426664,113.9266507386,4,12,270.207764,269.959898,-24,-36
534476400,22.5798426739,113.9266507835,4,12,270.187592,270.233238,33,30
534476500,22.5798426819,113.9266507685,4,12,270.189636,269.775784,1,54
534476600,22.5798426698,113.9266507537,4,12,270.119598,269.890791,11,-35
534476700,22.5798426725,113.9266507555,4,12,270.048553,269.708925,-12,-9
534476800,22.5798426747,113.9266507566,4,12,269.989166,269.778859,-2,7
534476900,22.5798426871,113.9266507594,4,12,269.938385,269.778859,3,1
534477000,22.5798426913,113.9266507743,4,12,269.882782,269.641882,16,-13
534477100,22.5798426756,113.9266507920,4,12,269.836578,269.797248,-2,22
534477200,22.5798426696,113.9266507881,4,12,269.798798,269.696936,-16,18
534477300,22.5798427003,113.9266508132,4,12,269.760376,269.708925,-1,-17
534477400,22.5798426800,113.9266507895,4,12,269.714447,269.511590,28,18
534477500,22.5798426891,113.9266507961,4,12,269.651611,269.517350,-25,-18
534477600,22.5798426843,113.9266508384,4,12,269.622314,269.624685,6,20
534477700,22.5798426722,113.9266507957,4,12,269.594635,269.494397,-6,33
534477800,22.5798426959,113.9266508280,4,12,269.548676,269.494397,-2,-54
534477900,22.5798426748,113.9266508136,4,12,269.515350,269.500114,16,32
534478000,22.5798426879,113.9266508218,4,12,269.524139,269.925867,-27,0
534478100,22.5798426970,113.9266508061,4,12,269.591125,269.919662,12,7
534478200,22.5798426948,113.9266507956,4,12,269.635254,269.715682,8,-16
534478300,22.5798426928,113.9266508011,4,12,269.667389,269.881259,-8,-2
534478400,22.5798427003,113.9266507962,4,12,269.755005,270.342276,2,0
534478500,22.5798427235,113.9266508078,4,12,269.891693,270.414531,10,-10
534478600,22.5798427041,113.9266508267,4,12,270.007935,270.279039,17,17
534478700,22.5798427091,113.9266507992,4,12,270.090637,270.299150,-23,27
534478800,22.5798427059,113.9266507977,4,12,270.149414,270.362625,9,-44
534478900,22.5798426990,113.9266508049,4,12,270.223419,270.355825,-7,8
534479000,22.5798427185,113.9266508044,4,12,270.263855,270.165599,-9,15
534479100,22.5798427153,113.9266507774,4,12,270.262360,270.099573,17,-6
534479200,22.5798427229,113.9266507831,4,12,270.237762,270.086648,-2,-33
534479300,22.5798427148,113.9266507945,4,12,270.217590,269.887448,12,-4
534479400,22.5798427017,113.9266507949,4,12,270.181030,270.099573,-10,15
534479500,22.5798427228,113.9266507867,4,12,270.204468,270.296808,-23,10
534479600,22.5798427203,113.9266507685,4,12,270.217896,270.049974,21,-4
534479700,22.5798427046,113.9266507842,4,12,270.194641,270.043524,-1,-22
534479800,22.5798426833,113.9266507638,4,12,270.177826,270.129598,-17,7
534479900,22.5798427033,113.9266507517,4,12,270.157776,269.986027,7,-4
534480000,22.5798427073,113.9266507657,4,12,270.175201,269.966971,15,-3
534480100,22.5798426988,113.9266507679,4,12,270.122375,269.651015,5,12
534480200,22.5798427093,113.9266507583,4,12,270.032867,269.787989,-12,12
534480300,22.5798426797,113.9266507598,4,12,269.962769,269.712031,15,-25
534480400,22.5798426933,113.9266507478,4,12,269.913422,269.712031,-34,6
534480500,22.5798426986,113.9266507659,4,12,269.866669,270.046203,10,-8
534480600,22.5798427001,113.9266507782,4,12,269.897003,270.039775,5,10
534480700,22.5798427001,113.9266507625,4,12,269.914185,270.033363,-3,26
534480800,22.5798426734,113.9266507504,4,12,269.957275,270.130503,4,-26
534480900,22.5798426772,113.9266507163,4,12,269.984589,270.243470,-22,-21
534481000,22.5798426753,113.9266507590,4,12,270.043854,270.286433,0,-30
534481100,22.5798426872,113.9266507621,4,12,270.106842,270.358063,-11,57
534481200,22.5798426697,113.9266507509,4,12,270.136017,270.098325,13,-1
534481300,22.5798426786,113.9266507322,4,12,270.088959,269.838377,-14,-23
534481400,22.5798426646,113.9266507292,4,12,270.025970,269.646875,7,-20
534481500,22.5798426630,113.9266507341,4,12,269.931732,269.589755,-13,-7
534481600,22.5798426461,113.9266508030,4,12,269.875031,269.799698,-7,17
534481700,22.5798426415,113.9266507496,4,12,269.810364,269.595540,-1,41
534481800,22.5798426349,113.9266507804,4,12,269.740753,269.521083,-1,-61
534481900,22.5798426323,113.9266507416,4,12,269.691620,269.736597,-9,27
534482000,22.5798426283,113.9266507861,4,12,269.691559,269.811839,0,-39
534482100,22.5798426456,113.9266508032,4,12,269.738098,269.932087,-10,50
534482200,22.5798426177,113.9266507984,4,12,269.759674,269.745543,14,19
534482300,22.5798426280,113.9266508060,4,12,269.743744,269.757594,-22,-14
534482400,22.5798426526,113.9266507823,4,12,269.764221,269.954347,8,9
534482500,22.5798426414,113.9266507920,4,12,269.803589,269.736493,29,-34
534482600,22.5798426625,113.9266507693,4,12,269.777954,269.603941,-15,13
534482700,22.5798426606,113.9266508193,4,12,269.723785,269.514463,26,-34
534482800,22.5798426348,113.9266507849,4,12,269.657745,269.473951,-14,73
534482900,22.5798426433,113.9266508096,4,12,269.649109,269.742500,-18,-51
534483000,22.5798426561,113.9266507976,4,12,269.648743,269.563742,4,30
534483100,22.5798426302,113.9266507729,4,12,269.629364,269.688128,14,-22
534483200,22.5798426418,113.9266508201,4,12,269.653564,269.845700,-19,-33
534483300,22.5798426398,113.9266507939,4,12,269.707703,270.046203,-1,61
534483400,22.5798426423,113.9266507966,4,12,269.783447,270.163088,4,-35
534483500,22.5798426424,113.9266507652,4,12,269.858582,270.004252,4,-10
534483600,22.5798426336,113.9266508008,4,12,269.900299,270.023279,-7,-6
534483700,22.5798426656,113.9266507957,4,12,269.961395,270.045626,-12,26
534483800,22.5798426668,113.9266507927,4,12,269.993347,270.051988,28,-7
534483900,22.5798426794,113.9266507772,4,12,270.032959,270.143488,6,-13
534484000,22.5798426404,113.9266507664,4,12,270.073273,270.136987,-13,-2
534484100,22.5798426673,113.9266507702,4,12,270.096436,270.033363,-40,-12
534484200,22.5798426906,113.9266507652,4,12,270.108490,270.219961,25,10
534484300,22.5798426475,113.9266507750,4,12,270.131836,270.020589,23,-12
534484400,22.5798426457,113.9266507861,4,12,270.121490,269.995163,-46,8
534484500,22.5798426553,113.9266507806,4,12,270.095276,269.931206,-5,23
534484600,22.5798426851,113.9266507771,4,12,270.070404,269.950200,12,-16
534484700,22.5798426853,113.9266507825,4,12,270.060547,270.030029,30,-5
534484800,22.5798426793,113.9266508027,4,12,270.051697,269.956564,-3,3
534484900,22.5798426760,113.9266508092,4,12,270.028381,269.892269,-7,15
534485000,22.5798426518,113.9266507855,4,12,270.007935,270.023571,-5,2
534485100,22.5798426677,113.9266507835,4,12,270.024597,270.154483,-16,-33
534485200,22.5798426587,113.9266507878,4,12,270.047272,270.087758,8,8
534485300,22.5798426803,113.9266507746,4,12,270.030792,269.912357,-1,-15
534485400,22.5798426746,113.9266508486,4,12,270.001282,269.842459,16,-1
534485500,22.5798426469,113.9266508128,4,12,269.971405,269.893651,-17,89
534485600,22.5798426857,113.9266508198,4,12,269.933350,269.766666,-20,-48
534485700,22.5798426879,113.9266508278,4,12,269.879486,269.621482,40,-5
534485800,22.5798426821,113.9266507658,4,12,269.803345,269.430838,-1,13
534485900,22.5798426737,113.9266508302,4,12,269.725372,269.642349,-3,-68
534486000,22.5798426556,113.9266508255,4,12,269.661621,269.447790,-9,64
534486100,22.5798426781,113.9266508121,4,12,269.606384,269.534719,-22,5
534486200,22.5798427105,113.9266508469,4,12,269.571716,269.736179,22,-11
534486300,22.5798426573,113.9266508108,4,12,269.593262,269.803255,26,40
534486400,22.5798426797,113.9266508183,4,12,269.601868,269.663322,-43,-54
534486500,22.5798426777,113.9266507998,4,12,269.651581,270.061769,17,15
534486600,22.5798426951,113.9266508577,4,12,269.705322,270.026968,8,-47
534486700,22.5798426968,113.9266508318,4,12,269.763947,269.893651,5,83
534486800,22.5798426660,113.9266508299,4,12,269.786255,269.824040,5,-30
534486900,22.5798426893,113.9266508071,4,12,269.794739,269.824040,-29,-3
534487000,22.5798426749,113.9266508120,4,12,269.798645,270.016921,25,-30
534487100,22.5798426995,113.9266508224,4,12,269.832489,269.742580,-15,10
534487200,22.5798426557,113.9266508210,4,12,269.817566,269.754592,22,4
534487300,22.5798426851,113.9266508396,4,12,269.820648,269.985173,-45,11
534487400,22.5798426653,113.9266508472,4,12,269.853027,269.991532,29,9
534487500,22.5798427069,113.9266508363,4,12,269.883820,269.873471,-14,4
534487600,22.5798427031,113.9266508715,4,12,269.873016,269.712031,35,-6
534487700,22.5798426888,113.9266508442,4,12,269.826294,269.592947,-7,27
534487800,22.5798426556,113.9266508243,4,12,269.773254,269.712031,-12,-30
534487900,22.5798426818,113.9266507957,4,12,269.751404,269.627359,-23,-26
534488000,22.5798426637,113.9266507969,4,12,269.715393,269.627359,44,12
534488100,22.5798426694,113.9266508174,4,12,269.658783,269.416147,-26,17
534488200,22.5798426469,113.9266507758,4,12,269.605621,269.537341,7,14
534488300,22.5798426645,113.9266507872,4,12,269.584595,269.724526,-16,-52
534488400,22.5798426731,113.9266507630,4,12,269.618774,269.916857,13,16
534488500,22.5798426781,113.9266507873,4,12,269.657593,269.781671,8,-19
534488600,22.5798426898,113.9266508297,4,12,269.715454,269.967396,3,26
534488700,22.5798426817,113.9266508212,4,12,269.774048,270.036630,4,40
534488800,22.5798426697,113.9266507965,4,12,269.828003,269.904485,-6,-10
534488900,22.5798426815,113.9266508296,4,12,269.846375,269.853777,-8,-30
534489000,22.5798426658,113.9266508091,4,12,269.848816,269.500114,6,41
534489100,22.5798426706,113.9266508046,4,12,269.782654,269.636446,-11,-25
534489200,22.5798426680,113.9266507898,4,12,269.750702,269.642349,4,-14
534489300,22.5798426811,113.9266508038,4,12,269.728882,269.666112,1,-17
534489400,22.5798426741,113.9266508038,4,12,269.712433,269.660148,4,30
534489500,22.5798426867,113.9266507982,4,12,269.709167,269.867237,-8,-4
534489600,22.5798426669,113.9266507983,4,12,269.741150,269.848630,15,-7
534489700,22.5798426650,113.9266508154,4,12,269.790558,270.039775,-15,-11
534489800,22.5798426758,113.9266507937,4,12,269.815063,269.712031,-3,7
534489900,22.5798426986,113.9266507738,4,12,269.803436,269.893651,8,-12
534490000,22.5798426759,113.9266507866,4,12,269.822418,269.836304,16,11
534490100,22.5798426941,113.9266507454,4,12,269.841248,269.912357,-27,20
534490200,22.5798426943,113.9266507702,4,12,269.840851,269.662934,19,-42
534490300,22.5798426701,113.9266507745,4,12,269.799805,269.592947,4,12
534490400,22.5798426760,113.9266507714,4,12,269.757080,269.627359,-25,4
534490500,22.5798426850,113.9266507954,4,12,269.716949,269.566267,-1,9
534490600,22.5798426773,113.9266507806,4,12,269.631622,269.513988,6,32
534490700,22.5798427019,113.9266507801,4,12,269.600555,269.656967,1,-33
534490800,22.5798427029,113.9266507843,4,12,269.612885,269.775784,26,-7
534490900,22.5798426856,113.9266507446,4,12,269.640289,269.769705,-3,1
534491000,22.5798426887,113.9266507736,4,12,269.666595,269.794114,-16,-33
534491100,22.5798427104,113.9266508113,4,12,269.693726,269.861019,-6,45
534491200,22.5798427016,113.9266507671,4,12,269.747955,270.048874,24,30
534491300,22.5798426864,113.9266507864,4,12,269.818298,270.036044,-6,-59
534491400,22.5798427019,113.9266507799,4,12,269.876251,269.912357,-15,22
534491500,22.5798427041,113.9266507821,4,12,269.898590,269.969741,11,-7
534491600,22.5798427158,113.9266507552,4,12,269.940582,270.112562,8,-11
534491700,22.5798427175,113.9266507805,4,12,270.008057,270.205219,10,-21
534491800,22.5798427193,113.9266507575,4,12,270.044403,269.950200,4,18
534491900,22.5798427249,113.9266507606,4,12,270.037872,269.870558,5,-31
534492000,22.5798426842,113.9266507690,4,12,270.014557,269.870558,-4,19
534492100,22.5798426716,113.9266507821,4,12,270.003815,269.924907,6,8
534492200,22.5798427029,113.9266507819,4,12,270.022430,270.042451,-15,9
534492300,22.5798426800,113.9266507796,4,12,270.036865,269.976072,33,-2
534492400,22.5798426775,113.9266507588,4,12,270.041443,270.052647,-27,1
534492500,22.5798427015,113.9266507984,4,12,270.066772,270.182838,1,-21
534492600,22.5798426811,113.9266507721,4,12,270.105072,270.182838,18,46
534492700,22.5798426978,113.9266507807,4,12,270.111542,269.960651,-19,-29
534492800,22.5798426776,113.9266507799,4,12,270.091278,269.960651,18,2
534492900,22.5798426973,113.9266508010,4,12,270.071686,269.948059,-23,6
534493000,22.5798426927,113.9266507936,4,12,270.040863,269.878390,23,9
534493100,22.5798426870,113.9266507890,4,12,269.994232,269.526775,-7,-1
534493200,22.5798426884,113.9266508161,4,12,269.902710,269.411894,-11,-8
534493300,22.5798426669,113.9266507894,4,12,269.799103,269.547222,4,22
534493400,22.5798426948,113.9266507959,4,12,269.710663,269.420917,-21,-27
534493500,22.5798426849,113.9266507920,4,12,269.584839,269.038991,33,-4
534493600,22.5798426990,113.9266508031,4,12,269.441040,269.169682,-16,-2
534493700,22.5798426896,113.9266508096,4,12,269.345337,269.174968,12,13
534493800,22.5798426792,113.9266507950,4,12,269.305542,269.445566,-10,7
534493900,22.5798426917,113.9266508070,4,12,269.334930,269.639633,-4,-27
534494000,22.5798426968,113.9266507815,4,12,269.367401,269.564505,8,18
534494100,22.5798426718,113.9266508097,4,12,269.389526,269.616184,6,-25
534494200,22.5798426758,113.9266508244,4,12,269.445923,269.826979,-22,14
534494300,22.5798426651,113.9266507911,4,12,269.474152,269.463784,-3,28
534494400,22.5798426680,113.9266507824,4,12,269.453400,269.400783,0,-51
534494500,22.5798426955,113.9266507899,4,12,269.414612,269.260377,5,-23
534494600,22.5798426666,113.9266507815,4,12,269.363403,269.255024,25,20
534494700,22.5798426749,113.9266508057,4,12,269.361053,269.402870,-32,-1
534494800,22.5798426870,113.9266508027,4,12,269.339844,269.141090,8,21
534494900,22.5798426848,113.9266507713,4,12,269.298187,269.345185,8,1
534495000,22.5798427005,113.9266507882,4,12,269.281219,269.276516,5,-46
534495100,22.5798426740,113.9266507938,4,12,269.272186,269.583985,15,13
534495200,22.5798427090,113.9266507692,4,12,269.323730,269.523472,-29,12
534495300,22.5798426834,113.9266508109,4,12,269.358459,269.517777,35,-29
534495400,22.5798426794,113.9266507547,4,12,269.419098,269.745543,-28,40
534495500,22.5798426934,113.9266507624,4,12,269.527374,269.944575,-2,-52
534495600,22.5798426819,113.9266507476,4,12,269.630066,270.014226,13,7
534495700,22.5798427091,113.9266507923,4,12,269.736176,270.086648,-9,-18
534495800,22.5798426832,113.9266507589,4,12,269.819977,269.978830,23,47
534495900,22.5798426989,113.9266507862,4,12,269.918915,270.165599,-22,-37
534496000,22.5798427064,113.9266507674,4,12,269.991455,269.928661,17,16
534496100,22.5798426977,113.9266507301,4,12,270.008972,269.910107,-1,-12
534496200,22.5798426837,113.9266507623,4,12,270.018616,269.928661,1,-42
534496300,22.5798427019,113.9266507304,4,12,270.019104,269.884122,-25,44
534496400,22.5798426960,113.9266507582,4,12,270.017883,269.966193,27,-47
534496500,22.5798427098,113.9266507398,4,12,270.009979,269.772725,-11,37
534496600,22.5798427040,113.9266507787,4,12,269.969086,269.715130,12,-25
534496700,22.5798427069,113.9266507454,4,12,269.945007,269.834177,-8,43
534496800,22.5798426949,113.9266507468,4,12,269.931366,269.827961,13,-45
534496900,22.5798426589,113.9266507679,4,12,269.937103,270.017131,-19,10
534497000,22.5798426854,113.9266507426,4,12,269.980255,270.114014,-30,12
534497100,22.5798427135,113.9266508102,4,12,269.984467,269.972140,30,-24
534497200,22.5798427027,113.9266508278,4,12,270.008575,270.289402,33,23
534497300,22.5798426884,113.9266507594,4,12,270.089386,270.346676,-14,18
534497400,22.5798427044,113.9266507943,4,12,270.176331,270.424612,-11,-74
534497500,22.5798427024,113.9266507893,4,12,270.230652,270.206927,13,35
534497600,22.5798427256,113.9266507893,4,12,270.235474,269.903254,2,-9
534497700,22.5798427018,113.9266508088,4,12,270.187408,269.960651,20,2
534497800,22.5798426977,113.9266508274,4,12,270.158783,270.005172,-32,35
534497900,22.5798427191,113.9266508142,4,12,270.092865,269.766677,-1,15
534498000,22.5798427025,113.9266508040,4,12,270.015839,269.537341,24,-23
534498100,22.5798427040,113.9266507978,4,12,269.910492,269.548868,-11,-15
534498200,22.5798427124,113.9266508412,4,12,269.858154,269.736493,0,-3
534498300,22.5798427072,113.9266508432,4,12,269.819061,269.778859,3,48
534498400,22.5798427109,113.9266508415,4,12,269.800751,269.519766,-7,-2
534498500,22.5798427081,113.9266508332,4,12,269.727112,269.569553,9,-4
534498600,22.5798427311,113.9266508247,4,12,269.674774,269.569553,-3,-12
534498700,22.5798427083,113.9266508306,4,12,269.644165,269.639157,23,-10
534498800,22.5798427187,113.9266508348,4,12,269.605286,269.300068,-19,3
534498900,22.5798427298,113.9266508279,4,12,269.521179,269.416147,5,5
534499000,22.5798427258,113.9266508476,4,12,269.464996,269.358186,18,-18
534499100,22.5798427105,113.9266508357,4,12,269.451294,269.627359,-9,19
534499200,22.5798427091,113.9266507996,4,12,269.452393,269.502477,-5,20
534499300,22.5798427124,113.9266508204,4,12,269.447327,269.627359,3,-44
534499400,22.5798427239,113.9266508096,4,12,269.484161,269.833366,2,20
534499500,22.5798427015,113.9266507943,4,12,269.553802,269.878390,11,-16
534499600,22.5798427298,113.9266507917,4,12,269.630585,270.001548,-29,1
534499700,22.5798427125,113.9266507641,4,12,269.704742,269.866052,32,-13
534499800,22.5798427240,113.9266507851,4,12,269.744659,269.890791,-18,-29
534499900,22.5798427005,113.9266507626,4,12,269.801331,270.026968,6,30
534500000,22.5798427107,113.9266508304,4,12,269.838165,269.890791,-16,-36
534500100,22.5798427363,113.9266507840,4,12,269.873505,270.123040,3,81
534500200,22.5798427173,113.9266507883,4,12,269.928864,269.986027,29,-58
534500300,22.5798427363,113.9266507839,4,12,269.945984,269.922068,-22,3
534500400,22.5798427356,113.9266507654,4,12,269.943542,269.676267,19,0
534500500,22.5798427250,113.9266507530,4,12,269.896362,269.670359,-6,-21
534500600,22.5798427490,113.9266507803,4,12,269.843018,269.549687,-6,-17
534500700,22.5798427442,113.9266507551,4,12,269.772369,269.488695,24,19
534500800,22.5798427384,113.9266507553,4,12,269.683624,269.480709,-4,-27
534500900,22.5798426984,113.9266507759,4,12,269.632935,269.567023,-8,-2
534501000,22.5798426801,113.9266507596,4,12,269.634979,269.842459,-5,25
534501100,22.5798427005,113.9266507855,4,12,269.724731,270.216092,-20,-11
534501200,22.5798427117,113.9266507565,4,12,269.819031,270.129598,23,21
534501300,22.5798427093,113.9266507660,4,12,269.882874,269.924907,9,-32
534501400,22.5798427033,113.9266507999,4,12,269.889221,269.769705,-3,13
534501500,22.5798427177,113.9266507766,4,12,269.862701,269.720976,-4,31
534501600,22.5798427077,113.9266507825,4,12,269.848785,269.654200,10,-23
534501700,22.5798426948,113.9266507493,4,12,269.804565,269.584491,-14,14
534501800,22.5798427006,113.9266507523,4,12,269.743469,269.462596,-5,-51
534501900,22.5798427207,113.9266508023,4,12,269.708038,269.687252,7,-1
534502000,22.5798427241,113.9266507513,4,12,269.773285,270.171844,9,67
534502100,22.5798427167,113.9266507833,4,12,269.857849,270.081236,12,-66
534502200,22.5798427150,113.9266507634,4,12,269.914368,270.068242,-19,52
534502300,22.5798427306,113.9266507818,4,12,269.928528,269.867237,8,-39
534502400,22.5798427175,113.9266507378,4,12,269.897736,269.918624,10,21
534502500,22.5798426913,113.9266507436,4,12,269.905518,269.845700,-8,-55
534502600,22.5798427191,113.9266507598,4,12,269.864166,269.494397,-27,12
534502700,22.5798426793,113.9266507929,4,12,269.774628,269.436474,22,17
534502800,22.5798427045,113.9266507626,4,12,269.695862,269.505845,-43,35
534502900,22.5798427005,113.9266507652,4,12,269.648743,269.633250,30,-37
534503000,22.5798427045,113.9266507368,4,12,269.632599,269.621482,-3,-3
534503100,22.5798426914,113.9266507591,4,12,269.597168,269.496743,6,-34
534503200,22.5798426869,113.9266507432,4,12,269.559509,269.577941,-16,70
534503300,22.5798426744,113.9266507118,4,12,269.553589,269.702923,-5,-11
534503400,22.5798426987,113.9266507754,4,12,269.604675,270.043524,-7,-46
534503500,22.5798426943,113.9266507538,4,12,269.658417,269.778859,20,68
534503600,22.5798426776,113.9266507258,4,12,269.692291,269.712031,-7,-20
534503700,22.5798427059,113.9266507094,4,12,269.694763,269.648267,-11,-38
534503800,22.5798426802,113.9266507476,4,12,269.674713,269.538063,29,-13
534503900,22.5798426698,113.9266507129,4,12,269.628845,269.462596,-32,51
534504000,22.5798427049,113.9266507202,4,12,269.551910,268.991762,-10,-40
534504100,22.5798427061,113.9266507017,4,12,269.437714,269.192480,35,-4
534504200,22.5798426806,113.9266507187,4,12,269.359955,269.130043,7,-30
534504300,22.5798426516,113.9266507320,4,12,269.304077,269.331206,-36,36
534504400,22.5798426793,113.9266507126,4,12,269.341553,269.976072,-29,12
534504500,22.5798426869,113.9266507127,4,12,269.441589,270.182838,33,-32
534504600,22.5798426782,113.9266507456,4,12,269.609222,270.446832,8,-3
534504700,22.5798426905,113.9266506847,4,12,269.812866,270.547892,-18,44
534504800,22.5798426804,113.9266507107,4,12,270.009460,270.619081,17,-69
534504900,22.5798426843,113.9266506945,4,12,270.171631,270.503507,-13,34
534505000,22.5798426857,113.9266507057,4,12,270.280670,270.362625,9,-23
534505100,22.5798427019,113.9266507205,4,12,270.345459,270.369443,-4,13
534505200,22.5798427232,113.9266507242,4,12,270.392792,270.355825,-12,-4
534505300,22.5798427193,113.9266507458,4,12,270.391479,269.982650,20,2
534505400,22.5798427164,113.9266507167,4,12,270.324371,269.664466,-7,25
534505500,22.5798427053,113.9266506685,4,12,270.197937,269.572831,10,-51
534505600,22.5798426970,113.9266507206,4,12,270.081818,269.602093,-15,-42
534505700,22.5798427200,113.9266507155,4,12,269.979950,269.171193,-15,67
534505800,22.5798427317,113.9266507537,4,12,269.799072,269.240096,25,-16
534505900,22.5798427484,113.9266507669,4,12,269.678345,269.451229,7,41
534506000,22.5798427415,113.9266507407,4,12,269.630157,269.617148,12,17
534506100,22.5798427272,113.9266507207,4,12,269.636719,269.893651,-1,-38
534506200,22.5798427202,113.9266507285,4,12,269.674561,269.887448,-15,-12
534506300,22.5798427253,113.9266507504,4,12,269.716766,269.976072,-9,7
534506400,22.5798427347,113.9266507427,4,12,269.803619,270.253279,0,29
534506500,22.5798427451,113.9266507465,4,12,269.871948,269.688128,18,-25
534506600,22.5798427209,113.9266507180,4,12,269.833099,269.700050,2,15
534506700,22.5798427195,113.9266507196,4,12,269.797455,269.636446,-13,-40
534506800,22.5798427275,113.9266507241,4,12,269.761292,269.654200,-10,10
534506900,22.5798426923,113.9266507562,4,12,269.731964,269.459163,6,7
534507000,22.5798426954,113.9266507437,4,12,269.659424,269.386050,-17,47
534507100,22.5798427046,113.9266507169,4,12,269.593231,269.476332,6,-23
534507200,22.5798427007,113.9266507100,4,12,269.616516,269.928372,10,-32
534507300,22.5798427075,113.9266507239,4,12,269.659302,270.005230,-5,-10
534507400,22.5798427143,113.9266507305,4,12,269.736542,270.155999,1,28
534507500,22.5798426994,113.9266507437,4,12,269.842957,270.307478,8,0
534507600,22.5798427151,113.9266507412,4,12,269.975250,270.445592,-15,10
534507700,22.5798427098,113.9266507213,4,12,270.084900,270.353535,17,-10
534507800,22.5798427250,113.9266507461,4,12,270.156982,270.100852,-5,-15
534507900,22.5798426972,113.9266507413,4,12,270.174500,270.167730,16,14
534508000,22.5798427108,113.9266507703,4,12,270.188080,270.107425,-30,3
534508100,22.5798427239,113.9266507420,4,12,270.178802,269.842459,8,33
534508200,22.5798427041,113.9266507604,4,12,270.123352,269.848630,16,-36
534508300,22.5798427195,113.9266507586,4,12,270.089722,269.997907,-25,28
534508400,22.5798427141,113.9266507594,4,12,270.085663,270.030029,19,-3
534508500,22.5798427354,113.9266507535,4,12,270.056549,269.797118,-9,-2
534508600,22.5798427205,113.9266507868,4,12,270.005890,269.826979,22,-10
534508700,22.5798427301,113.9266507610,4,12,269.959290,269.754592,-20,39
534508800,22.5798427355,113.9266507934,4,12,269.904816,269.709135,11,-28
534508900,22.5798426905,113.9266507703,4,12,269.824982,269.601340,7,23
534509000,22.5798427075,113.9266507399,4,12,269.766632,269.646875,-19,-18
534509100,22.5798426769,113.9266507775,4,12,269.741791,269.847662,17,-26
534509200,22.5798427015,113.9266507562,4,12,269.752960,269.866052,-35,43
534509300,22.5798427212,113.9266507548,4,12,269.766449,269.944575,29,-38
534509400,22.5798427336,113.9266507370,4,12,269.800964,270.007879,19,10
534509500,22.5798427046,113.9266507364,4,12,269.846680,270.096973,13,-19
534509600,22.5798427225,113.9266507573,4,12,269.881042,269.960651,-31,0
534509700,22.5798427029,113.9266507577,4,12,269.860107,269.708925,15,24
534509800,22.5798427131,113.9266507568,4,12,269.842529,269.757594,-21,17
534509900,22.5798427148,113.9266507501,4,12,269.839874,269.960651,11,-12
534510000,22.5798427108,113.9266507461,4,12,269.879425,270.151486,3,-2
534510100,22.5798427194,113.9266507556,4,12,269.951630,270.224155,0,-23
534510200,22.5798427068,113.9266507621,4,12,270.030029,270.124035,6,13
534510300,22.5798427345,113.9266507652,4,12,270.068390,270.236877,-18,21
534510400,22.5798427329,113.9266507566,4,12,270.116486,270.193609,32,-3
534510500,22.5798427368,113.9266507755,4,12,270.169708,270.322080,-1,-17
534510600,22.5798427267,113.9266508031,4,12,270.174774,269.712812,1,26
534510700,22.5798427398,113.9266507558,4,12,270.086426,269.706904,-10,12
534510800,22.5798427243,113.9266507255,4,12,270.008850,269.706904,12,-31
534510900,22.5798426890,113.9266507373,4,12,269.971191,269.916276,-11,-38
534511000,22.5798426805,113.9266507334,4,12,269.943451,269.695130,-20,22
534511100,22.5798426910,113.9266507490,4,12,269.881409,269.635221,-10,-11
534511200,22.5798427084,113.9266507158,4,12,269.819550,269.652724,11,22
534511300,22.5798427180,113.9266507293,4,12,269.786591,269.757594,20,-34
534511400,22.5798427121,113.9266507287,4,12,269.769928,269.696936,7,14
534511500,22.5798427003,113.9266507314,4,12,269.743896,269.766677,-4,-3
534511600,22.5798427004,113.9266507370,4,12,269.729156,269.702923,-14,-14
534511700,22.5798427059,113.9266506962,4,12,269.710785,269.690964,2,6
534511800,22.5798427220,113.9266507220,4,12,269.678131,269.598124,6,-43
534511900,22.5798427120,113.9266507440,4,12,269.640503,269.517777,12,35
534512000,22.5798427267,113.9266506977,4,12,269.564819,269.198992,-10,-16
534512100,22.5798427035,113.9266507023,4,12,269.446289,269.088204,14,-9
534512200,22.5798427163,113.9266507118,4,12,269.313721,269.105142,-26,-6
534512300,22.5798427292,113.9266506980,4,12,269.236389,269.263521,13,33
534512400,22.5798427203,113.9266507037,4,12,269.207001,269.279964,14,-16
534512500,22.5798427010,113.9266507210,4,12,269.186768,269.296533,-14,-10
534512600,22.5798427019,113.9266507143,4,12,269.149292,269.338710,-19,7
534512700,22.5798426836,113.9266506796,4,12,269.159729,269.397296,-1,15
534512800,22.5798427136,113.9266507179,4,12,269.182892,269.386050,-16,2
534512900,22.5798426902,113.9266507064,4,12,269.211975,269.459163,29,-5
534513000,22.5798427216,113.9266507131,4,12,269.231995,269.369289,-23,-20
534513100,22.5798427273,113.9266507166,4,12,269.242950,269.358186,0,2
534513200,22.5798427294,113.9266507232,4,12,269.289825,269.754558,4,5
534513300,22.5798427173,113.9266507367,4,12,269.384064,269.754558,-2,3
534513400,22.5798427031,113.9266507374,4,12,269.480377,269.760610,-15,22
534513500,22.5798427267,113.9266507322,4,12,269.548035,269.748521,-8,-13
534513600,22.5798427235,113.9266507803,4,12,269.617279,269.909509,18,-4
534513700,22.5798427182,113.9266507522,4,12,269.717590,270.059108,-3,50
534513800,22.5798427147,113.9266507670,4,12,269.801361,269.873471,-9,-21
534513900,22.5798427123,113.9266507419,4,12,269.844421,269.931206,-1,1
534514000,22.5798427296,113.9266507777,4,12,269.888458,269.931206,7,-39
534514100,22.5798427144,113.9266507758,4,12,269.934937,270.001559,7,55
534514200,22.5798427138,113.9266508219,4,12,269.951385,269.714943,-9,-6
534514300,22.5798427194,113.9266507902,4,12,269.921356,269.635957,-8,46
534514400,22.5798427036,113.9266507959,4,12,269.891724,269.772760,-3,-29
534514500,22.5798427191,113.9266507819,4,12,269.893463,269.842763,-5,-2
534514600,22.5798427005,113.9266507866,4,12,269.915375,270.007972,20,-17
534514700,22.5798427108,113.9266508005,4,12,269.943726,269.809408,-30,9
534514800,22.5798426859,113.9266508115,4,12,269.956268,270.100852,4,16
534514900,22.5798427174,113.9266507979,4,12,269.993988,270.017131,-11,5
534515000,22.5798427257,113.9266507905,4,12,270.021515,269.943853,17,26
534515100,22.5798427159,113.9266507885,4,12,270.009949,269.718045,7,0
534515200,22.5798427085,113.9266507568,4,12,269.949127,269.627359,-15,3
534515300,22.5798427191,113.9266507537,4,12,269.892639,269.696936,-10,-37
534515400,22.5798427337,113.9266507763,4,12,269.888123,269.900395,11,4
534515500,22.5798427174,113.9266507567,4,12,269.902771,270.037092,14,13
534515600,22.5798427155,113.9266507743,4,12,269.944061,270.096973,-22,-11
534515700,22.5798427353,113.9266507710,4,12,269.970886,269.976072,-3,15
534515800,22.5798427447,113.9266507749,4,12,270.008545,270.191945,17,0
534515900,22.5798427389,113.9266507676,4,12,270.056061,270.042451,9,3
534516000,22.5798427287,113.9266507741,4,12,270.074066,270.095700,-1,-19
534516100,22.5798427423,113.9266507838,4,12,270.072266,269.937660,-16,17
534516200,22.5798427322,113.9266507713,4,12,270.049744,269.877953,11,7
534516300,22.5798427395,113.9266507868,4,12,270.032166,270.086648,-12,-8
534516400,22.5798427258,113.9266507562,4,12,270.053314,270.093102,15,3
534516500,22.5798427330,113.9266507726,4,12,270.055847,269.938323,-13,-30
534516600,22.5798427407,113.9266507690,4,12,270.058136,270.073789,-1,30
534516700,22.5798427327,113.9266507536,4,12,270.072205,270.026968,5,0
534516800,22.5798427410,113.9266507779,4,12,270.072968,270.099573,4,-36
534516900,22.5798427236,113.9266507467,4,12,270.078888,270.036044,-1,30
534517000,22.5798427235,113.9266507366,4,12,270.067047,269.947356,3,-14
534517100,22.5798427390,113.9266507197,4,12,270.033630,270.213348,0,-17
534517200,22.5798427138,113.9266507148,4,12,270.073639,270.156538,15,-9
534517300,22.5798427443,113.9266507013,4,12,270.090729,270.084039,-29,-4
534517400,22.5798427340,113.9266507128,4,12,270.115021,270.226591,28,0
534517500,22.5798427366,113.9266507095,4,12,270.143372,269.995233,-13,13
534517600,22.5798427267,113.9266506785,4,12,270.130798,270.213348,5,-10
534517700,22.5798427167,113.9266506781,4,12,270.174042,270.405500,-11,-23
534517800,22.5798427364,113.9266507072,4,12,270.219757,270.292429,-15,6
534517900,22.5798427472,113.9266506893,4,12,270.223389,270.073789,21,23
534518000,22.5798427481,113.9266506625,4,12,270.183350,269.679388,9,-18
534518100,22.5798427330,113.9266506858,4,12,270.068878,269.612983,5,-30
534518200,22.5798427506,113.9266506619,4,12,269.995056,269.830164,-20,32
534518300,22.5798427426,113.9266506683,4,12,269.901093,269.287343,20,-23
534518400,22.5798427629,113.9266506798,4,12,269.738190,269.141090,-9,6
534518500,22.5798427537,113.9266506237,4,12,269.591003,269.276516,20,6
534518600,22.5798427406,113.9266506185,4,12,269.498566,269.356198,-10,-50
534518700,22.5798427508,113.9266506400,4,12,269.492493,269.682190,-12,-11
534518800,22.5798427585,113.9266506524,4,12,269.490814,269.477335,6,31
534518900,22.5798427860,113.9266507066,4,12,269.478882,269.694081,8,4
534519000,22.5798427266,113.9266506697,4,12,269.516388,269.842459,34,-15
534519100,22.5798427296,113.9266507081,4,12,269.555542,269.778800,-65,-29
534519200,22.5798427331,113.9266507106,4,12,269.589264,269.839235,5,36
534519300,22.5798427599,113.9266507175,4,12,269.598236,269.501120,1,6
534519400,22.5798427658,113.9266506932,4,12,269.566864,269.524048,32,-3
534519500,22.5798427384,113.9266506761,4,12,269.544983,269.365258,2,-21
534519600,22.5798427563,113.9266507158,4,12,269.488220,269.359732,-26,-17
534519700,22.5798427575,113.9266506824,4,12,269.456268,269.506830,22,33
534519800,22.5798427496,113.9266507196,4,12,269.450745,269.518294,1,-33
534519900,22.5798427454,113.9266506882,4,12,269.424286,269.503476,-12,42
534520000,22.5798427575,113.9266506788,4,12,269.425690,269.503476,1,-43
534520100,22.5798427477,113.9266506961,4,12,269.425232,269.480709,8,-2
534520200,22.5798427356,113.9266506833,4,12,269.451172,269.691241,-6,12
534520300,22.5798427455,113.9266506869,4,12,269.468658,269.287343,-14,-7
534520400,22.5798427532,113.9266506761,4,12,269.425964,269.345185,9,1
534520500,22.5798427325,113.9266507130,4,12,269.396027,269.408436,4,-3
534520600,22.5798427690,113.9266507510,4,12,269.414581,269.630558,-22,39
534520700,22.5798427584,113.9266507203,4,12,269.475830,269.931206,31,42
534520800,22.5798427567,113.9266506994,4,12,269.564758,269.754452,2,-48
534520900,22.5798427455,113.9266506893,4,12,269.620972,269.892269,-6,-16
534521000,22.5798427535,113.9266507211,4,12,269.696747,269.956564,-3,3
534521100,22.5798427505,113.9266506959,4,12,269.767395,270.158552,10,25
534521200,22.5798427216,113.9266507135,4,12,269.862457,269.943853,1,-30
534521300,22.5798427244,113.9266506760,4,12,269.904480,269.956564,-31,12
534521400,22.5798427500,113.9266506822,4,12,269.921356,269.821761,2,-33
534521500,22.5798427689,113.9266507223,4,12,269.929199,269.854816,30,-1
534521600,22.5798427597,113.9266507001,4,12,269.938049,269.976072,9,58
534521700,22.5798427304,113.9266507334,4,12,269.962738,270.020589,-3,-34
534521800,22.5798427422,113.9266506929,4,12,269.986237,269.899871,-32,27
534521900,22.5798427478,113.9266507137,4,12,270.015198,270.106059,21,-52
534522000,22.5798427663,113.9266507087,4,12,270.043854,270.106059,-6,36
534522100,22.5798427503,113.9266506907,4,12,270.084076,270.172161,25,-17
534522200,22.5798427280,113.9266507089,4,12,270.134460,270.262395,-17,-20
534522300,22.5798427390,113.9266507017,4,12,270.187927,270.262395,-28,28
534522400,22.5798427557,113.9266507001,4,12,270.182770,269.867237,14,-18
534522500,22.5798427359,113.9266507114,4,12,270.131104,269.848630,19,-5
534522600,22.5798427418,113.9266507406,4,12,270.084747,269.848630,-23,14
534522700,22.5798427281,113.9266507089,4,12,270.043488,269.842459,-2,42
534522800,22.5798427353,113.9266506881,4,12,269.996490,269.494397,-12,-36
534522900,22.5798427343,113.9266506855,4,12,269.881683,269.419609,18,-32
534523000,22.5798427428,113.9266506960,4,12,269.786407,269.561229,6,14
534523100,22.5798427126,113.9266506818,4,12,269.742462,269.703155,8,8
534523200,22.5798427170,113.9266506549,4,12,269.698120,269.505845,-32,-12
534523300,22.5798427340,113.9266506979,4,12,269.651215,269.763642,4,-31
534523400,22.5798427312,113.9266506596,4,12,269.651550,269.688128,10,53
534523500,22.5798427374,113.9266506802,4,12,269.673767,269.899871,-2,-34
534523600,22.5798427362,113.9266506803,4,12,269.713501,269.912357,5,19
534523700,22.5798427412,113.9266506837,4,12,269.743988,269.845700,-2,-8
534523800,22.5798427403,113.9266506457,4,12,269.766449,269.884582,-1,20
534523900,22.5798427190,113.9266506472,4,12,269.792175,269.897014,12,-61
534524000,22.5798427581,113.9266506665,4,12,269.801788,269.821094,-26,13
534524100,22.5798427358,113.9266506696,4,12,269.803986,269.808884,36,11
534524200,22.5798427396,113.9266506799,4,12,269.802490,269.763642,-29,12
534524300,22.5798427379,113.9266506814,4,12,269.791077,269.757594,5,5
534524400,22.5798427541,113.9266506548,4,12,269.780396,269.824040,0,2
534524500,22.5798427273,113.9266506764,4,12,269.792969,269.884122,19,-32
534524600,22.5798427213,113.9266506677,4,12,269.812073,269.896505,-31,28
534524700,22.5798427482,113.9266506493,4,12,269.866577,270.128191,-11,-3
534524800,22.5798427309,113.9266506595,4,12,269.945618,270.333011,29,-19
534524900,22.5798427606,113.9266506783,4,12,270.036133,270.202740,-21,8
534525000,22.5798427340,113.9266506781,4,12,270.102448,270.339835,22,4
534525100,22.5798427420,113.9266506956,4,12,270.156891,270.216092,-27,-2
534525200,22.5798427593,113.9266506775,4,12,270.179016,270.136173,4,21
534525300,22.5798427298,113.9266506641,4,12,270.192566,270.186959,22,-28
534525400,22.5798427398,113.9266506851,4,12,270.213287,270.180336,-32,-10
534525500,22.5798427422,113.9266507011,4,12,270.238953,270.266725,6,28
534525600,22.5798427588,113.9266506578,4,12,270.243713,269.937521,-1,23
534525700,22.5798427317,113.9266506628,4,12,270.202026,270.125619,18,-46
534525800,22.5798427292,113.9266506365,4,12,270.219299,270.353535,-22,-6
534525900,22.5798427745,113.9266506644,4,12,270.240326,270.185204,-1,-29
534526000,22.5798427604,113.9266506648,4,12,270.194916,269.779037,39,40
534526100,22.5798427363,113.9266506819,4,12,270.106934,269.699060,-10,-11
534526200,22.5798427699,113.9266506582,4,12,270.034821,269.880171,-27,22
534526300,22.5798427487,113.9266506567,4,12,270.005524,269.957314,30,-24
534526400,22.5798427698,113.9266506735,4,12,270.002197,269.800397,-16,-6
534526500,22.5798427560,113.9266506612,4,12,269.957367,269.900395,17,20
534526600,22.5798427620,113.9266506482,4,12,269.940826,269.957869,-12,-17
534526700,22.5798427567,113.9266506503,4,12,269.926025,269.881710,7,-14
534526800,22.5798427576,113.9266506660,4,12,269.960083,270.237476,-6,2
534526900,22.5798427366,113.9266507002,4,12,270.018219,270.244162,-2,15
534527000,22.5798427362,113.9266506927,4,12,270.043915,269.986027,3,7
534527100,22.5798427176,113.9266506709,4,12,270.023682,269.928372,2,-17
534527200,22.5798427342,113.9266506936,4,12,269.978882,269.797248,-23,-16
534527300,22.5798427215,113.9266506841,4,12,269.946259,270.062921,15,32
534527400,22.5798427544,113.9266506695,4,12,269.939514,269.778859,-9,-24
534527500,22.5798427222,113.9266506738,4,12,269.900024,269.818140,29,-6
534527600,22.5798427353,113.9266506975,4,12,269.882599,269.853777,-36,7
534527700,22.5798427234,113.9266506753,4,12,269.871674,269.982650,16,16
534527800,22.5798427067,113.9266506775,4,12,269.899475,270.111148,-15,-18
534527900,22.5798427106,113.9266506571,4,12,269.938354,270.073789,-12,0
534528000,22.5798427241,113.9266506357,4,12,269.945801,270.045121,4,-24
534528100,22.5798427229,113.9266506775,4,12,269.963531,269.921460,14,-24
534528200,22.5798427292,113.9266506581,4,12,269.961823,270.004299,-7,52
534528300,22.5798427072,113.9266506632,4,12,269.972046,270.010707,12,-34
534528400,22.5798427019,113.9266507037,4,12,269.981079,269.950200,-26,15
534528500,22.5798427182,113.9266506677,4,12,269.975739,270.074730,-6,37
534528600,22.5798427239,113.9266506924,4,12,269.993835,269.982420,17,-34
534528700,22.5798427232,113.9266506784,4,12,270.001617,270.039775,-3,36
534528800,22.5798427173,113.9266506672,4,12,270.034851,270.182838,10,-33
534528900,22.5798427412,113.9266506811,4,12,270.048889,270.096973,-9,0
534529000,22.5798427517,113.9266506835,4,12,270.068298,270.160571,-2,-23
534529100,22.5798427622,113.9266506889,4,12,270.092712,270.147477,8,8
534529200,22.5798427633,113.9266506691,4,12,270.115448,270.173731,7,18
534529300,22.5798427331,113.9266506712,4,12,270.129486,269.845700,5,-34
534529400,22.5798427607,113.9266506752,4,12,270.073822,269.845700,-37,18
534529500,22.5798427784,113.9266506867,4,12,270.025665,269.839525,34,-8
534529600,22.5798427534,113.9266506820,4,12,269.984802,269.864320,19,1
534529700,22.5798427614,113.9266506682,4,12,269.930298,269.727024,-29,7
534529800,22.5798427334,113.9266507016,4,12,269.870331,269.572097,6,-9
534529900,22.5798427641,113.9266506808,4,12,269.796417,269.630046,-27,25
534530000,22.5798427918,113.9266507034,4,12,269.735474,269.589674,35,-33
534530100,22.5798427744,113.9266506792,4,12,269.650848,269.531367,22,30
534530200,22.5798427820,113.9266506862,4,12,269.603912,269.575379,-14,-23
534530300,22.5798427568,113.9266506730,4,12,269.577850,269.642349,8,7
534530400,22.5798427646,113.9266506802,4,12,269.559967,269.602093,-23,-17
534530500,22.5798428018,113.9266507151,4,12,269.557037,269.715130,2,12
534530600,22.5798427831,113.9266506931,4,12,269.585480,269.972504,33,36
534530700,22.5798427629,113.9266506978,4,12,269.661499,270.023279,-14,-22
534530800,22.5798427991,113.9266507022,4,12,269.709229,269.854816,-21,4
534530900,22.5798427662,113.9266507043,4,12,269.703583,269.610649,34,4
534531000,22.5798427613,113.9266507173,4,12,269.685120,269.794114,8,-33
534531100,22.5798427656,113.9266507519,4,12,269.710846,269.867237,-15,32
534531200,22.5798427820,113.9266507492,4,12,269.743134,269.879721,6,28
534531300,22.5798427612,113.9266507330,4,12,269.743622,269.784891,17,-4
534531400,22.5798427733,113.9266507000,4,12,269.747894,269.760621,-18,-20
534531500,22.5798427598,113.9266507204,4,12,269.762543,269.881259,19,-45
534531600,22.5798427755,113.9266506930,4,12,269.783875,269.830164,-19,22
534531700,22.5798427967,113.9266507374,4,12,269.763611,269.618826,18,-31
534531800,22.5798428105,113.9266507569,4,12,269.731110,269.694081,15,55
534531900,22.5798427881,113.9266507449,4,12,269.735107,269.842459,13,-3
534532000,22.5798427991,113.9266507427,4,12,269.777679,269.988783,-24,-13
534532100,22.5798427842,113.9266507181,4,12,269.852386,270.185334,10,-3
534532200,22.5798427952,113.9266507650,4,12,269.943848,270.314968,-11,-34
534532300,22.5798427851,113.9266507658,4,12,270.048431,270.378521,7,62
534532400,22.5798427991,113.9266507737,4,12,270.132019,270.305888,-9,-7
534532500,22.5798428376,113.9266507412,4,12,270.186218,270.248995,17,-3
534532600,22.5798428150,113.9266507725,4,12,270.213684,269.972504,40,-47
534532700,22.5798427907,113.9266507594,4,12,270.185608,269.972504,-23,46
534532800,22.5798427965,113.9266507644,4,12,270.180359,270.106059,-25,-6
534532900,22.5798427606,113.9266507325,4,12,270.165070,270.007879,8,1
534533000,22.5798427479,113.9266507603,4,12,270.146362,270.007879,8,-28
534533100,22.5798427524,113.9266507623,4,12,270.121216,269.929290,-14,29
534533200,22.5798427333,113.9266507625,4,12,270.095367,269.992516,5,2
534533300,22.5798427771,113.9266507737,4,12,270.102753,270.068544,-21,0
534533400,22.5798427631,113.9266507517,4,12,270.101349,269.812023,46,8
534533500,22.5798427802,113.9266507674,4,12,270.046783,269.884582,-12,-36
534533600,22.5798427896,113.9266507248,4,12,270.030212,270.071170,17,20
534533700,22.5798427867,113.9266507533,4,12,270.032257,270.020589,11,-50
534533800,22.5798427793,113.9266507296,4,12,270.043274,269.868930,-6,33
534533900,22.5798427773,113.9266507545,4,12,270.006317,269.887448,-5,-26
534534000,22.5798427813,113.9266507363,4,12,269.995514,270.080211,-4,30
534534100,22.5798427759,113.9266507385,4,12,270.038940,270.272369,4,-24
534534200,22.5798428032,113.9266507274,4,12,270.055908,269.760621,-6,10
534534300,22.5798428004,113.9266507499,4,12,269.992371,269.754592,30,-17
534534400,22.5798428051,113.9266507454,4,12,269.929504,269.682190,-5,18
534534500,22.5798427893,113.9266507268,4,12,269.887665,269.830164,7,-4
534534600,22.5798427963,113.9266507364,4,12,269.854919,269.494397,-13,-26
534534700,22.5798428114,113.9266507446,4,12,269.754120,269.358186,2,20
534534800,22.5798427804,113.9266507072,4,12,269.650604,269.410551,15,6
534534900,22.5798427638,113.9266507474,4,12,269.605347,269.627359,-27,-26
534535000,22.5798427642,113.9266507368,4,12,269.577637,269.563742,17,-3
534535100,22.5798427580,113.9266507624,4,12,269.555450,269.696936,2,-5
534535200,22.5798427619,113.9266507541,4,12,269.571838,269.763642,-9,26
534535300,22.5798427696,113.9266507454,4,12,269.597565,269.769705,8,-18
534535400,22.5798427564,113.9266507472,4,12,269.585205,269.672091,5,1
534535500,22.5798427666,113.9266507627,4,12,269.586761,269.654200,-14,-9
534535600,22.5798427784,113.9266507642,4,12,269.593048,269.724074,14,10
534535700,22.5798427738,113.9266507515,4,12,269.620361,269.790997,12,1
534535800,22.5798427894,113.9266507313,4,12,269.633850,269.549687,-5,-10
534535900,22.5798427747,113.9266507202,4,12,269.611328,269.679388,15,-21
534536000,22.5798427966,113.9266507672,4,12,269.649323,269.997942,-15,0
534536100,22.5798427988,113.9266507241,4,12,269.723297,270.010579,22,36
534536200,22.5798427578,113.9266507350,4,12,269.815430,270.136987,5,-43
534536300,22.5798427817,113.9266507524,4,12,269.896637,270.150005,-42,18
534536400,22.5798427874,113.9266507272,4,12,269.941925,269.893651,23,14
534536500,22.5798427980,113.9266507320,4,12,269.964172,270.036044,5,-22
534536600,22.5798428010,113.9266507206,4,12,269.981781,269.906106,13,-5
534536700,22.5798427954,113.9266507092,4,12,269.977539,269.893651,3,-10
534536800,22.5798427888,113.9266507116,4,12,269.966095,269.805761,-4,-7
534536900,22.5798427560,113.9266507690,4,12,269.964813,269.953619,-7,-8
534537000,22.5798427651,113.9266507826,4,12,269.969696,270.010579,-11,0
534537100,22.5798427568,113.9266507755,4,12,269.979858,269.824040,9,17
534537200,22.5798427750,113.9266507472,4,12,269.959625,269.884122,-8,-5
534537300,22.5798427756,113.9266507612,4,12,269.953705,269.902720,21,-42
534537400,22.5798427826,113.9266507652,4,12,269.989319,269.927739,1,11
534537500,22.5798427648,113.9266507664,4,12,269.977966,269.790997,7,6
534537600,22.5798427684,113.9266507521,4,12,269.929718,269.660148,-21,15
534537700,22.5798428008,113.9266507640,4,12,269.879333,269.718045,9,-24
534537800,22.5798428002,113.9266507892,4,12,269.849243,269.633250,31,12
534537900,22.5798427884,113.9266507347,4,12,269.807434,269.818140,-1,16
534538000,22.5798427899,113.9266507283,4,12,269.808441,269.863167,-12,-36
534538100,22.5798427841,113.9266507713,4,12,269.813629,269.863167,1,-10
534538200,22.5798427965,113.9266507392,4,12,269.844757,270.204300,-7,62
534538300,22.5798428176,113.9266507249,4,12,269.933258,270.410154,15,-52
534538400,22.5798427930,113.9266507667,4,12,270.066254,270.616392,24,-34
534538500,22.5798428177,113.9266507563,4,12,270.215607,270.694250,-27,58
534538600,22.5798428144,113.9266507150,4,12,270.322174,270.390000,23,-12
534538700,22.5798428022,113.9266507284,4,12,270.369385,270.390000,0,-33
534538800,22.5798428362,113.9266507694,4,12,270.409424,270.446832,-11,2
534538900,22.5798427688,113.9266507860,4,12,270.460297,270.510520,31,48
534539000,22.5798427717,113.9266507990,4,12,270.476898,270.369443,-26,-51
534539100,22.5798427919,113.9266507815,4,12,270.485352,270.362625,2,12
534539200,22.5798427657,113.9266507864,4,12,270.466187,270.150005,24,-34
534539300,22.5798427582,113.9266507756,4,12,270.396942,270.001548,-27,11
534539400,22.5798427680,113.9266508031,4,12,270.315125,269.963425,-11,-8
534539500,22.5798427960,113.9266507593,4,12,270.258362,269.811839,4,46
534539600,22.5798427821,113.9266507854,4,12,270.166626,269.938323,33,-65
534539700,22.5798427867,113.9266508094,4,12,270.084930,269.808884,-15,39
534539800,22.5798427799,113.9266507407,4,12,270.046478,269.938323,3,20
534539900,22.5798427880,113.9266508073,4,12,270.014343,269.875087,-3,-86
534540000,22.5798428008,113.9266508239,4,12,269.972321,269.881259,1,90
534540100,22.5798428089,113.9266508082,4,12,269.921021,269.733553,13,15
534540200,22.5798427968,113.9266507658,4,12,269.833923,269.546396,6,-10
534540300,22.5798428057,113.9266507518,4,12,269.739380,269.500114,-5,-74
534540400,22.5798427901,113.9266508090,4,12,269.651398,269.374862,6,-6
534540500,22.5798428333,113.9266508319,4,11,269.581879,269.633250,-15,50
534540600,22.5798428033,113.9266508187,4,11,269.570801,269.708925,38,32
534540700,22.5798428000,113.9266507807,4,11,269.617615,269.827222,-28,-22
534540800,22.5798427993,113.9266507995,4,11,269.651855,270.039775,-2,-36
534540900,22.5798427902,113.9266508277,4,11,269.702637,269.890791,-2,21
534541000,22.5798427547,113.9266507878,4,11,269.712128,269.763642,21,36
534541100,22.5798427749,113.9266507959,4,11,269.711365,269.552163,-33,-65
534541200,22.5798427957,113.9266507998,4,11,269.670044,269.694081,20,15
534541300,22.5798427917,113.9266507988,4,11,269.635681,269.430838,19,-7
534541400,22.5798427927,113.9266507694,4,11,269.566772,269.372824,-3,0
534541500,22.5798427806,113.9266507778,4,11,269.491638,269.300068,1,-26
534541600,22.5798427927,113.9266507862,4,11,269.422852,269.294604,-14,19
534541700,22.5798427966,113.9266507873,4,11,269.386597,269.500114,12,4
534541800,22.5798428161,113.9266507423,4,11,269.388458,269.523125,3,-6
534541900,22.5798428333,113.9266508471,4,11,269.354095,269.421758,23,-48
534542000,22.5798428107,113.9266508649,4,11,269.364197,269.760610,-6,3
534542100,22.5798428294,113.9266508904,4,11,269.430573,269.742500,-21,-3
534542200,22.5798428138,113.9266508974,4,11,269.516815,269.954347,16,1
534542300,22.5798428189,113.9266508365,4,11,269.663330,270.109973,-14,8
534542400,22.5798428164,113.9266508521,4,11,269.764130,270.033363,4,-44
534542500,22.5798428268,113.9266508574,4,11,269.852051,270.186959,-2,15
534542600,22.5798428539,113.9266508775,4,11,269.937408,270.123040,13,6
534542700,22.5798428518,113.9266508636,4,11,269.988373,270.145328,22,4
534542800,22.5798428472,113.9266508731,4,11,270.037384,269.943853,-3,-19
534542900,22.5798427951,113.9266508556,4,11,270.026855,269.781879,-7,2
534543000,22.5798427952,113.9266508558,4,11,269.972473,269.639157,-3,-25
534543100,22.5798428115,113.9266508629,4,11,269.912781,269.775784,0,8
534543200,22.5798428167,113.9266508670,4,11,269.899719,269.937521,15,-5
534543300,22.5798427974,113.9266508839,4,11,269.909393,269.864320,6,-4
534543400,22.5798428012,113.9266508773,4,11,269.916168,269.922068,-22,19
534543500,22.5798428147,113.9266508729,4,11,269.918549,269.889369,4,-9
534543600,22.5798428415,113.9266508951,4,11,269.923309,269.966534,11,7
534543700,22.5798428298,113.9266508779,4,11,269.955353,270.124633,28,-7
534543800,22.5798428211,113.9266508792,4,11,270.000122,270.111393,-11,-25
534543900,22.5798428316,113.9266508631,4,11,269.997406,270.072079,-13,41
534544000,22.5798428210,113.9266509102,4,11,270.021851,270.001559,10,-30
534544100,22.5798428248,113.9266509030,4,11,270.057861,270.303551,-10,16
534544200,22.5798428340,113.9266508920,4,11,270.127930,270.310312,1,3
534544300,22.5798428476,113.9266508886,4,11,270.165527,270.116498,8,-24
534544400,22.5798428370,113.9266508806,4,11,270.163605,269.966971,10,-2
534544500,22.5798428364,113.9266509021,4,11,270.138550,269.979659,-9,15
534544600,22.5798428511,113.9266508739,4,11,270.102661,269.797248,-2,-5
534544700,22.5798428518,113.9266509150,4,11,270.033417,269.711832,10,4
534544800,22.5798428421,113.9266508748,4,11,269.859680,269.270774,-1,29
534544900,22.5798427838,113.9266508724,4,11,269.748047,269.388132,-7,-36
534545000,22.5798427836,113.9266508885,4,11,269.647339,269.388132,1,22
534545100,22.5798427850,113.9266508841,4,11,269.575806,269.472900,-3,15
534545200,22.5798427848,113.9266509055,4,11,269.575439,269.656967,2,-8
534545300,22.5798427845,113.9266509037,4,11,269.587006,269.998813,-2,19
534545400,22.5798428137,113.9266509033,4,11,269.685577,270.277848,-1,-3
534545500,22.5798428008,113.9266509110,4,11,269.774323,270.039775,32,-18
534545600,22.5798428004,113.9266509121,4,11,269.829010,269.906106,-15,-4
534545700,22.5798428073,113.9266509207,4,11,269.842346,269.814981,-3,20
534545800,22.5798428109,113.9266509017,4,11,269.814606,269.557945,8,-14
534545900,22.5798428060,113.9266509112,4,11,269.753723,269.563742,6,-14
534546000,22.5798428009,113.9266509266,4,11,269.656860,269.093387,-7,0
534546100,22.5798427997,113.9266509104,4,11,269.524170,269.220284,-6,17
534546200,22.5798428144,113.9266508864,4,11,269.432800,269.225641,-1,-21
534546300,22.5798428138,113.9266508906,4,11,269.350372,269.167408,13,-14
534546400,22.5798428230,113.9266509041,4,11,269.293976,269.445566,0,-18
534546500,22.5798427996,113.9266508791,4,11,269.295502,269.393095,9,21
534546600,22.5798428008,113.9266508983,4,11,269.295532,269.462596,-23,-28
534546700,22.5798428329,113.9266509067,4,11,269.308197,269.468301,-1,26
534546800,22.5798428122,113.9266508750,4,11,269.376068,269.818561,31,6
534546900,22.5798427855,113.9266509052,4,11,269.466888,269.953013,-20,-29
534547000,22.5798427887,113.9266508604,4,11,269.559021,269.821761,5,37
534547100,22.5798427938,113.9266508787,4,11,269.599548,269.690119,5,-53
534547200,22.5798427905,113.9266508870,4,11,269.637054,269.598832,4,20
534547300,22.5798427873,113.9266508552,4,11,269.636627,269.639157,-2,3
534547400,22.5798427998,113.9266508620,4,11,269.620422,269.433021,-3,-26
534547500,22.5798427939,113.9266508813,4,11,269.544922,269.179570,12,22
534547600,22.5798427984,113.9266508756,4,11,269.458588,269.158321,-8,3
534547700,22.5798428056,113.9266508702,4,11,269.384003,269.221925,4,-11
534547800,22.5798428016,113.9266508501,4,11,269.340668,269.280081,10,-12
534547900,22.5798427607,113.9266508164,4,11,269.311371,269.290972,-6,-10
534548000,22.5798427760,113.9266508526,4,11,269.318756,269.513988,-41,0
534548100,22.5798428062,113.9266508179,4,11,269.363434,269.824272,15,3
534548200,22.5798427934,113.9266508381,4,11,269.455566,269.805922,33,-25
534548300,22.5798427877,113.9266508276,4,11,269.542572,269.887922,-18,19
534548400,22.5798427828,113.9266508258,4,11,269.646301,270.017891,-4,3
534548500,22.5798427952,113.9266508354,4,11,269.743683,270.030675,-5,-12
534548600,22.5798427954,113.9266508274,4,11,269.811523,269.881710,14,-4
534548700,22.5798427885,113.9266508056,4,11,269.839386,269.830420,0,-13
534548800,22.5798428081,113.9266508359,4,11,269.788422,269.531367,-9,1
534548900,22.5798427661,113.9266509225,4,11,269.747742,269.525559,19,7
534549000,22.5798427559,113.9266508873,4,11,269.698059,269.405074,-21,-3
534549100,22.5798427469,113.9266508819,4,11,269.637238,269.399412,-12,-17
534549200,22.5798427478,113.9266508826,4,11,269.573669,269.265291,-11,-15
534549300,22.5798427611,113.9266509139,4,11,269.502075,269.323982,0,14
534549400,22.5798427691,113.9266508765,4,11,269.486053,269.653777,10,24
534549500,22.5798427765,113.9266508707,4,11,269.521942,269.714943,10,-39
534549600,22.5798427553,113.9266508961,4,11,269.550507,269.724074,4,-15
534549700,22.5798427591,113.9266508539,4,11,269.584991,269.660148,-21,19
534549800,22.5798427703,113.9266508789,4,11,269.595398,269.602093,4,-31
534549900,22.5798427471,113.9266508716,4,11,269.627686,269.815577,10,29
534550000,22.5798427766,113.9266508735,4,11,269.652466,269.751421,-26,2
534550100,22.5798427735,113.9266508690,4,11,269.669098,269.549710,32,-12
534550200,22.5798427539,113.9266508595,4,11,269.661346,269.699310,-8,-10
534550300,22.5798427647,113.9266508477,4,11,269.670593,269.687252,-18,-6
534550400,22.5798427549,113.9266508679,4,11,269.656158,269.675256,11,0
534550500,22.5798427700,113.9266508824,4,11,269.659271,269.532262,-12,7
534550600,22.5798427612,113.9266508459,4,11,269.635193,269.538063,11,12
534550700,22.5798427613,113.9266508658,4,11,269.613525,269.532262,-9,-15
534550800,22.5798427736,113.9266508432,4,11,269.656311,269.787989,7,12
534550900,22.5798427658,113.9266509157,4,11,269.692841,269.858097,6,-25
534551000,22.5798427720,113.9266509137,4,11,269.750183,269.998813,-19,12
534551100,22.5798427707,113.9266509320,4,11,269.815308,270.136173,6,-12
534551200,22.5798427577,113.9266509237,4,11,269.929749,270.438581,-5,17
534551300,22.5798427762,113.9266509387,4,11,270.060791,270.360411,-15,-1
534551400,22.5798427855,113.9266509390,4,11,270.143494,270.424612,19,8
534551500,22.5798427737,113.9266509545,4,11,270.248535,270.490916,10,-9
534551600,22.5798427419,113.9266509327,4,11,270.303650,270.225257,-11,12
534551700,22.5798427762,113.9266509100,4,11,270.358978,270.154483,-35,-12
534551800,22.5798427767,113.9266509199,4,11,270.348969,270.081236,33,-20
534551900,22.5798427686,113.9266509017,4,11,270.321686,270.068242,-2,13
534552000,22.5798427919,113.9266509178,4,11,270.290649,269.733206,-9,-10
534552100,22.5798427912,113.9266509260,4,11,270.206268,269.590343,20,10
534552200,22.5798427716,113.9266509047,4,11,270.089386,269.712031,1,-2
534552300,22.5798427710,113.9266509110,4,11,270.012634,269.718045,-22,-10
534552400,22.5798427821,113.9266509015,4,11,269.936157,269.654200,-2,11
534552500,22.5798427859,113.9266509086,4,11,269.891785,269.778800,11,-10
534552600,22.5798427719,113.9266509220,4,11,269.859283,269.854816,1,8
534552700,22.5798427666,113.9266509098,4,11,269.861694,269.997907,-14,5
534552800,22.5798428094,113.9266509129,4,11,269.893646,270.074730,-6,-2
534552900,22.5798427868,113.9266509048,4,11,269.957092,269.888883,40,-5
534553000,22.5798427968,113.9266509330,4,11,269.955353,270.154483,-21,-8
534553100,22.5798427951,113.9266509258,4,11,269.981415,269.965748,9,30
534553200,22.5798427815,113.9266509058,4,11,269.986572,270.023571,-1,-33
534553300,22.5798427773,113.9266509277,4,11,269.955963,269.879721,-16,-1
534553400,22.5798427911,113.9266509123,4,11,269.930054,269.739262,-5,14
534553500,22.5798427883,113.9266508993,4,11,269.890076,269.803255,11,-8
534553600,22.5798427704,113.9266509070,4,11,269.902283,270.068242,-4,-11
534553700,22.5798427918,113.9266508950,4,11,269.925537,270.112562,-15,1
534553800,22.5798428057,113.9266509124,4,11,269.963501,270.055314,24,-15
534553900,22.5798427786,113.9266508886,4,11,269.991608,270.106059,12,11
534554000,22.5798427854,113.9266509001,4,11,270.003143,269.963425,-31,-5
534554100,22.5798427874,113.9266509200,4,11,269.999176,269.694081,6,11
534554200,22.5798427875,113.9266509247,4,11,269.923889,269.563742,6,3
534554300,22.5798427817,113.9266508953,4,11,269.854156,269.712031,0,5
534554400,22.5798427676,113.9266509129,4,11,269.795776,269.592947,-6,-14
534554500,22.5798427802,113.9266509126,4,11,269.739990,269.534719,-14,5
534554600,22.5798427763,113.9266509055,4,11,269.687012,269.672091,10,9
534554700,22.5798427801,113.9266509526,4,11,269.667664,269.666112,-4,-3
534554800,22.5798427815,113.9266509176,4,11,269.671875,269.821761,5,23
534554900,22.5798427881,113.9266509487,4,11,269.725586,269.709135,-1,-23
534555000,22.5798427865,113.9266509187,4,11,269.723083,269.921460,6,33
534555100,22.5798427721,113.9266509111,4,11,269.736908,269.709135,18,-46
534555200,22.5798427560,113.9266509405,4,11,269.753296,269.921460,-16,2
534555300,22.5798427523,113.9266509227,4,11,269.788391,269.946670,-16,16
534555400,22.5798427475,113.9266509366,4,11,269.810577,269.721140,-4,-11
534555500,22.5798427458,113.9266509448,4,11,269.777405,269.607991,-4,-2
534555600,22.5798427524,113.9266509391,4,11,269.759125,269.754452,-1,10
534555700,22.5798427519,113.9266509365,4,11,269.743805,269.969340,7,0
534555800,22.5798427562,113.9266509437,4,11,269.781464,269.772867,-1,1
534555900,22.5798427743,113.9266509334,4,11,269.758118,269.558086,7,-2
534556000,22.5798427466,113.9266509324,4,11,269.748322,269.837435,9,3
534556100,22.5798427534,113.9266509134,4,11,269.776093,269.824978,-24,-7
534556200,22.5798427453,113.9266509366,4,11,269.781525,269.766713,7,-11
534556300,22.5798427258,113.9266509252,4,11,269.787262,269.876812,-5,11
534556400,22.5798427564,113.9266509148,4,11,269.799805,269.812585,-22,-4
534556500,22.5798427651,113.9266509155,4,11,269.777588,269.803255,27,-11
534556600,22.5798427557,113.9266509611,4,11,269.774078,269.654200,7,11
534556700,22.5798427343,113.9266509255,4,11,269.751953,269.730119,-9,30
534556800,22.5798427398,113.9266509395,4,11,269.764496,269.879721,-18,-30
534556900,22.5798427705,113.9266509318,4,11,269.801636,269.809408,2,15
534557000,22.5798427725,113.9266509182,4,11,269.804688,269.848630,24,-6
534557100,22.5798427926,113.9266508978,4,11,269.819305,269.924907,-5,3
534557200,22.5798427634,113.9266508992,4,11,269.831940,269.748345,22,-25
534557300,22.5798427771,113.9266509109,4,11,269.806458,269.672091,-30,3
534557400,22.5798427830,113.9266509143,4,11,269.776123,269.587076,14,10
534557500,22.5798427710,113.9266509273,4,11,269.733459,269.592947,4,3
534557600,22.5798427573,113.9266509101,4,11,269.703583,269.662934,-14,16
534557700,22.5798427867,113.9266509208,4,11,269.660492,269.478655,-9,-31
534557800,22.5798427770,113.9266509231,4,11,269.642181,269.581220,27,10
534557900,22.5798427882,113.9266509016,4,11,269.606689,269.528915,-10,20
534558000,22.5798427787,113.9266509314,4,11,269.576782,269.453469,10,-36
534558100,22.5798427840,113.9266509086,4,11,269.535919,269.447790,-11,28
534558200,22.5798427887,113.9266508794,4,11,269.484741,269.141090,9,-23
534558300,22.5798427653,113.9266508959,4,11,269.389465,269.198992,0,-21
534558400,22.5798427819,113.9266508955,4,11,269.318207,269.132060,-23,19
534558500,22.5798428039,113.9266509093,4,11,269.275513,269.321647,17,-2
534558600,22.5798428051,113.9266509252,4,11,269.303802,269.706688,21,6
534558700,22.5798427607,113.9266508672,4,11,269.373230,269.712619,5,2
534558800,22.5798428143,113.9266509017,4,11,269.437988,269.736493,-32,-11
534558900,22.5798427721,113.9266508818,4,11,269.527740,269.960651,51,19
534559000,22.5798427633,113.9266508670,4,11,269.619781,270.014226,-37,-26
534559100,22.5798427479,113.9266508881,4,11,269.726013,270.213348,4,13
534559200,22.5798427860,113.9266508961,4,12,269.819000,269.899871,-14,-3
534559300,22.5798427779,113.9266508851,4,12,269.868164,269.982420,37,9
534559400,22.5798427913,113.9266508538,4,12,269.926025,269.915197,-6,-20
534559500,22.5798427908,113.9266508741,4,12,269.949951,269.915197,11,-21
534559600,22.5798427781,113.9266508307,4,12,269.967468,269.934033,2,11
534559700,22.5798427943,113.9266508696,4,12,269.993622,270.010707,-18,-30
534559800,22.5798428062,113.9266508729,4,11,269.947937,269.803255,17,24
534559900,22.5798427799,113.9266508542,4,11,269.925323,269.660148,11,7
534560000,22.5798428146,113.9266508609,4,11,269.871765,269.592947,-25,-15
534560100,22.5798427875,113.9266508423,4,11,269.840454,269.778859,35,-1
534560200,22.5798427821,113.9266508716,4,11,269.797821,269.639157,-26,-19
534560300,22.5798427831,113.9266508660,4,11,269.757538,269.502477,-6,28
534560400,22.5798428155,113.9266508315,4,11,269.719452,269.742500,1,-6
534560500,22.5798428036,113.9266508186,4,11,269.722717,269.766677,28,-22
534560600,22.5798428090,113.9266508429,4,11,269.727936,269.814981,-8,-6
534560700,22.5798427829,113.9266508414,4,11,269.750366,269.950843,5,15
534560800,22.5798428150,113.9266508277,4,11,269.795593,269.950843,-28,2
534560900,22.5798428162,113.9266508111,4,11,269.836609,269.957126,34,-12
534561000,22.5798428075,113.9266508134,4,11,269.896423,270.106059,1,-22
534561100,22.5798428104,113.9266508276,4,11,269.954254,270.112562,-10,19
534561200,22.5798427793,113.9266508523,4,11,269.992981,269.991532,4,-3
534561300,22.5798427686,113.9266508231,4,11,269.996613,269.924907,7,0
534561400,22.5798427758,113.9266508709,4,11,269.947205,269.654200,-13,-28
