554212900,22.5797835705,113.9259551144,4,12,0.384938,83.854237,0.000000,0,0
554213000,22.5797835686,113.9259550960,4,12,0.994669,83.567904,0.000000,-6,12
554213100,22.5797835664,113.9259551062,4,12,5.639339,83.850955,0.000000,0,-23
554213200,22.5797835646,113.9259551092,4,12,10.300081,83.846328,0.000000,-10,11
554213300,22.5797835820,113.9259551093,4,12,16.211264,83.847654,0.000000,4,5
554213400,22.5797835904,113.9259551103,4,12,23.208855,84.011428,0.000000,21,-3
554213500,22.5797835695,113.9259551088,4,12,31.014660,83.910266,0.000000,10,4
554213600,22.5797835755,113.9259551073,4,12,40.972160,83.908685,0.000000,-26,-1
554213700,22.5797835627,113.9259551015,4,12,44.325932,83.981423,0.000000,7,0
554213800,22.5797835685,113.9259551017,4,12,44.322575,83.755999,0.000000,-11,-3
554213900,22.5797835675,113.9259551121,4,12,63.263035,83.603587,0.000000,3,-3
554214000,22.5797835494,113.9259551025,4,12,63.259983,83.387935,0.000000,2,10
554214100,22.5797835395,113.9259551099,4,12,63.259068,83.611726,0.000000,-19,-8
554214200,22.5797835734,113.9259551128,4,12,63.260288,83.474549,0.000000,-9,10
554214300,22.5797835682,113.9259551153,4,12,84.630524,83.394971,0.000000,43,6
554214400,22.5797835727,113.9259551124,4,12,87.755768,83.619771,0.000000,-3,3
554214500,22.5797835752,113.9259551163,4,12,89.291603,83.835950,0.000000,10,-2
554214600,22.5797835401,113.9259551090,4,12,89.287941,83.913415,0.000000,-2,3
554214700,22.5797835548,113.9259551092,4,12,93.341484,84.340374,0.000000,-19,-4
554214800,22.5797835606,113.9259551136,4,12,94.089470,84.184531,0.000000,18,3
554214900,22.5797835430,113.9259551124,4,12,94.081535,83.886287,0.000000,13,8
554215000,22.5797835466,113.9259551104,4,12,94.744141,83.884666,0.000000,-15,-6
554215100,22.5797835506,113.9259551077,4,12,94.595963,83.736941,0.000000,0,-4
554215200,22.5797835525,113.9259551075,4,12,94.310440,83.659992,0.000000,6,-1
554215300,22.5797835315,113.9259551098,4,12,94.310745,83.658031,0.000000,6,4
554215400,22.5797835581,113.9259551075,4,12,93.081650,83.444793,0.000000,-20,0
554215500,22.5797835406,113.9259550987,4,12,92.381477,83.588955,0.000000,35,-1
554215600,22.5797835748,113.9259550971,4,12,91.682442,83.521795,0.000000,-23,-6
554215700,22.5797835522,113.9259551097,4,12,91.253769,83.595151,0.000000,44,-2
554215800,22.5797835341,113.9259551083,4,12,90.315491,83.818703,0.000000,-31,13
554215900,22.5797835458,113.9259550959,4,12,89.670532,83.459714,0.000000,-16,-3
554216000,22.5797835436,113.9259550976,4,12,89.114288,83.163428,0.000000,14,-10
554216100,22.5797835586,113.9259551031,4,12,88.291306,83.464177,0.000000,-3,3
554216200,22.5797835617,113.9259551021,4,12,88.051422,83.473025,0.000000,22,5
554216300,22.5797835450,113.9259551180,4,12,87.159027,83.184315,0.000000,8,0
554216400,22.5797835642,113.9259551174,4,12,86.701530,83.109430,0.000000,-21,16
554216500,22.5797835563,113.9259551140,4,12,86.699699,83.194713,0.000000,26,2
554216600,22.5797835380,113.9259551106,4,12,85.637955,83.256485,0.000000,-7,-3
554216700,22.5797835447,113.9259551166,4,12,85.291138,83.408860,0.000000,-18,-4
554216800,22.5797835456,113.9259550863,4,12,85.288086,83.481150,0.000000,9,8
554216900,22.5797835456,113.9259551057,4,12,85.283813,83.696167,0.000000,2,-13
554217000,22.5797835501,113.9259551012,4,12,84.562347,83.696167,0.000000,-7,19
554217100,22.5797835388,113.9259550997,4,12,84.377594,83.549259,0.000000,15,-4
554217200,22.5797835237,113.9259551028,4,12,84.244865,83.696167,0.000000,-13,2
554217300,22.5797835240,113.9259551009,4,12,84.108833,83.696167,0.000000,-21,-1
554217400,22.5797835347,113.9259550986,4,12,83.996399,83.553444,0.000000,6,0
554217500,22.5797835326,113.9259551028,4,12,83.874451,83.259275,0.000000,18,0
554217600,22.5797835199,113.9259551154,4,12,83.726654,83.476756,0.000000,3,6
554217700,22.5797835264,113.9259551078,4,12,83.639824,83.474549,0.000000,-15,10
554217800,22.5797835264,113.9259551042,4,12,83.569260,83.472336,0.000000,9,-6
554217900,22.5797835235,113.9259551091,4,12,83.526924,83.688589,0.000000,6,-4
554218000,22.5797835397,113.9259551057,4,12,83.538483,83.907099,0.000000,-4,10
554218100,22.5797835240,113.9259551169,4,12,83.570061,83.981423,0.000000,23,-4
554218200,22.5797835254,113.9259551090,4,12,83.672554,84.054165,0.000000,-15,10
554218300,22.5797835474,113.9259551077,4,12,83.705040,83.905509,0.000000,4,-5
554218400,22.5797835271,113.9259551077,4,12,83.733368,84.051412,0.000000,30,-3
554218500,22.5797835353,113.9259550950,4,12,83.793579,83.908685,0.000000,-21,2
554218600,22.5797835304,113.9259551124,4,12,83.795647,83.766797,0.000000,10,-10
554218700,22.5797835339,113.9259551112,4,12,83.744965,83.617768,0.000000,-2,18
554218800,22.5797835331,113.9259550968,4,12,83.719696,83.837636,0.000000,5,-2
554218900,22.5797835509,113.9259550971,4,12,83.731598,83.985838,0.000000,-19,3
554219000,22.5797835526,113.9259550989,4,12,83.800934,84.056902,0.000000,24,-1
554219100,22.5797835507,113.9259550909,4,12,83.847504,83.982899,0.000000,5,2
554219200,22.5797835411,113.9259550964,4,12,83.879456,84.271350,0.000000,3,-9
554219300,22.5797835598,113.9259551020,4,12,83.954231,84.490671,0.000000,-17,8
554219400,22.5797835610,113.9259551025,4,12,83.949043,84.418758,0.000000,24,8
554219500,22.5797835619,113.9259550968,4,12,84.194099,84.417915,0.000000,5,-4
554219600,22.5797835599,113.9259550951,4,12,84.268852,84.347999,0.000000,1,-3
554219700,22.5797835541,113.9259550945,4,12,84.320679,84.492879,0.000000,-3,-2
554219800,22.5797835558,113.9259551017,4,12,84.365753,84.422108,0.000000,-6,1
554219900,22.5797835571,113.9259550967,4,12,84.387993,84.133199,0.000000,-3,10
554220000,22.5797835611,113.9259550903,4,12,84.380424,84.201974,0.000000,4,-4
554220100,22.5797835427,113.9259551076,4,12,84.340096,83.987301,0.000000,12,-7
554220200,22.5797835535,113.9259550942,4,12,84.302788,83.910266,0.000000,-23,17
554220300,22.5797835561,113.9259550974,4,12,84.185539,83.765011,0.000000,11,-10
554220400,22.5797835499,113.9259550965,4,12,84.083847,83.757812,0.000000,4,4
554220500,22.5797835472,113.9259551059,4,12,84.017166,83.903913,0.000000,0,1
554220600,22.5797835359,113.9259551348,4,12,84.012894,84.197328,0.000000,-5,10
554220700,22.5797835329,113.9259551817,4,12,84.014114,84.420438,0.000000,3,32
554220800,22.5797835492,113.9259552650,4,12,84.197464,84.855938,0.000000,-5,51
554220900,22.5797835310,113.9259553522,4,12,84.366997,85.216093,0.000000,24,86
554221000,22.5797835401,113.9259554788,4,12,84.557129,84.928175,0.000000,-26,91
554221100,22.5797835390,113.9259556345,4,12,84.612549,84.489174,83.706052,15,136
554221200,22.5797835266,113.9259558219,4,12,84.587700,83.921762,88.585577,4,162
554221300,22.5797835465,113.9259560496,4,12,84.581596,83.997224,93.853480,-13,193
554221400,22.5797835665,113.9259563197,4,12,84.430115,84.434334,83.187219,27,226
554221500,22.5797835659,113.9259566369,4,12,84.434616,84.370731,84.143986,28,273
554221600,22.5797835749,113.9259569822,4,12,84.411125,84.873498,90.876014,-5,327
554221700,22.5797836130,113.9259573715,4,12,84.556992,85.351912,88.583635,9,364
554221800,22.5797836271,113.9259578167,4,12,84.744270,85.206234,83.874628,44,410
554221900,22.5797836284,113.9259583161,4,12,84.922127,85.522022,88.225919,14,452
554222000,22.5797836436,113.9259588318,4,12,85.022903,84.293674,89.202695,7,503
554222100,22.5797836557,113.9259593515,4,12,84.879639,83.797672,87.126972,27,538
554222200,22.5797836968,113.9259599636,4,12,84.634270,83.413780,90.212206,-2,540
554222300,22.5797837468,113.9259605831,4,12,84.281937,82.705837,84.968066,56,636
554222400,22.5797837308,113.9259612884,4,12,83.889885,82.644571,83.806095,70,645
554222500,22.5797838258,113.9259620020,4,12,83.578293,82.806726,92.211703,-28,725
554222600,22.5797838277,113.9259627613,4,12,83.374390,83.172032,80.817913,118,730
554222700,22.5797838381,113.9259635758,4,12,83.408325,84.195767,91.179669,-16,777
554222800,22.5797839498,113.9259644003,4,12,83.771561,85.925617,87.810547,32,837
554222900,22.5797840336,113.9259653309,4,12,84.270805,86.143028,84.666137,83,889
554223000,22.5797839919,113.9259662852,4,12,84.687683,86.082038,84.827323,86,950
554223100,22.5797840277,113.9259672925,4,12,84.880676,86.368648,93.594404,-62,987
554223200,22.5797840981,113.9259683427,4,12,84.892883,85.602769,87.611744,43,1031
554223300,22.5797841950,113.9259693957,4,12,85.492195,84.646070,89.785007,4,1066
554223400,22.5797841559,113.9259705644,4,12,85.308800,83.732601,85.097942,94,1096
554223500,22.5797841836,113.9259716847,4,12,85.031868,83.654729,88.734260,27,1222
554223600,22.5797841747,113.9259729086,4,12,84.756439,83.835696,88.386461,32,1136
554223700,22.5797843129,113.9259741426,4,12,84.563789,83.232543,90.821062,-18,1256
554223800,22.5797843937,113.9259754114,4,12,84.233185,82.854363,83.125182,153,1269
554223900,22.5797844519,113.9259766927,4,12,83.934692,82.962821,86.555201,80,1329
554224000,22.5797845424,113.9259780004,4,12,83.792969,83.381368,87.664458,54,1324
554224100,22.5797846001,113.9259793340,4,12,83.847389,84.943607,85.222076,111,1328
554224200,22.5797846105,113.9259807034,4,12,84.027077,85.207592,88.006463,48,1379
554224300,22.5797846886,113.9259821209,4,12,84.224190,84.664436,90.566465,-14,1416
554224400,22.5797846785,113.9259835753,4,12,84.347290,85.009892,85.962289,102,1445
554224500,22.5797847131,113.9259850160,4,12,84.586609,85.876076,91.162255,-31,1528
554224600,22.5797847754,113.9259865580,4,12,84.873573,85.658427,88.573684,37,1486
554224700,22.5797847935,113.9259881061,4,12,85.060211,85.080472,87.599143,67,1598
554224800,22.5797847578,113.9259896837,4,12,85.002228,84.296716,89.096926,25,1586
554224900,22.5797848128,113.9259912583,4,12,84.726868,84.099935,91.217352,-34,1600
554225000,22.5797848673,113.9259928392,4,12,84.643974,84.727905,88.286535,49,1638
554225100,22.5797848929,113.9259944138,4,12,84.706276,85.000000,87.018539,85,1632
554225200,22.5797848453,113.9259960298,4,12,84.749153,84.867546,90.920051,-26,1619
554225300,22.5797849299,113.9259976541,4,12,84.727318,84.110866,91.308210,-38,1664
554225400,22.5797849599,113.9259992878,4,12,84.576225,83.938347,87.185567,82,1668
554225500,22.5797849536,113.9260009347,4,12,84.476723,84.569058,88.399405,47,1682
554225600,22.5797848959,113.9260026307,4,12,84.598915,85.296284,89.932514,2,1698
554225700,22.5797848882,113.9260042978,4,12,84.675880,84.439259,92.541911,-78,1757
554225800,22.5797849937,113.9260059604,4,12,84.626038,84.234794,89.528717,14,1702
554225900,22.5797850113,113.9260077148,4,11,84.620781,84.931324,86.598309,102,1716
554226000,22.5797850619,113.9260094505,4,11,84.795242,85.823715,89.681870,10,1801
554226100,22.5797850165,113.9260112607,4,12,85.100456,85.871496,88.304028,53,1790
554226200,22.5797849653,113.9260130692,4,11,85.263771,85.201071,91.742184,-57,1874
554226300,22.5797850175,113.9260148179,4,11,85.269348,84.931040,91.751525,-57,1864
554226400,22.5797850635,113.9260166395,4,12,85.236320,86.086864,88.454452,48,1779
554226500,22.5797850647,113.9260185124,4,11,85.391129,85.719156,87.270805,90,1888
554226600,22.5797850615,113.9260203581,4,11,85.412872,84.724919,89.255554,25,1924
554226700,22.5797850400,113.9260222059,4,11,85.231377,84.444518,91.266999,-42,1899
554226800,22.5797850299,113.9260240811,4,11,85.089638,85.078703,90.181124,-6,1898
554226900,22.5797850488,113.9260260023,4,11,85.156586,85.424120,90.504665,-17,1930
554227000,22.5797851099,113.9260279443,4,12,85.137642,84.873841,89.017718,34,1983
554227100,22.5797851015,113.9260298988,4,12,85.030960,84.310435,87.177444,99,2008
554227200,22.5797851443,113.9260318344,4,12,84.767365,84.366312,90.485546,-17,2006
554227300,22.5797851859,113.9260337835,4,12,84.725388,85.228150,88.465142,53,1978
554227400,22.5797852138,113.9260357725,4,12,84.677559,84.170257,88.980509,36,2023
554227500,22.5797853038,113.9260377816,4,12,84.448914,83.743888,88.906381,39,2043
554227600,22.5797853728,113.9260398286,4,11,84.304901,84.586816,86.669376,120,2062
554227700,22.5797853907,113.9260418690,4,11,84.405838,85.067932,88.719099,47,2102
554227800,22.5797854338,113.9260439140,4,12,84.472260,84.579865,88.774172,45,2103
554227900,22.5797854465,113.9260459759,4,12,84.390182,84.143416,89.022073,36,2109
554228000,22.5797854733,113.9260480903,4,12,84.360924,84.414133,88.782276,45,2117
554228100,22.5797856833,113.9260502039,4,12,84.546959,84.632470,88.605385,53,2177
554228200,22.5797857395,113.9260523512,4,12,84.650696,83.921337,85.651475,166,2183
554228300,22.5797858685,113.9260544991,4,12,84.666710,83.778142,88.621212,53,2202
554228400,22.5797858789,113.9260566634,4,12,84.590401,84.019004,86.009684,155,2222
554228500,22.5797859143,113.9260588186,4,12,84.560356,84.017658,89.973980,1,2202
554228600,22.5797860133,113.9260609691,4,12,84.494736,83.653637,88.476261,59,2218
554228700,22.5797860501,113.9260631642,4,12,84.351379,83.356224,87.831133,84,2218
554228800,22.5797860740,113.9260653512,4,12,84.183311,83.516140,89.247472,30,2284
554228900,22.5797861427,113.9260675000,4,12,84.043259,83.522303,89.228906,30,2229
554229000,22.5797861671,113.9260696967,4,12,83.970337,84.006761,87.392751,101,2218
554229100,22.5797862429,113.9260718649,4,12,84.072548,84.156892,88.627604,54,2254
554229200,22.5797863226,113.9260741009,4,12,84.163864,84.296716,88.850150,45,2242
554229300,22.5797863651,113.9260763375,4,12,84.257004,84.567473,87.536125,100,2324
554229400,22.5797863955,113.9260785767,4,12,84.358368,85.284042,88.753010,50,2297
554229500,22.5797864144,113.9260807528,4,12,84.649002,85.282044,89.875714,5,2305
554229600,22.5797865014,113.9260829629,4,12,84.825058,84.919302,88.843964,45,2230
554229700,22.5797864910,113.9260851583,4,12,84.915955,85.070413,87.295323,107,2265
554229800,22.5797864705,113.9260873482,4,12,85.036812,85.069824,91.030660,-41,2279
554229900,22.5797864783,113.9260895102,4,12,85.052597,85.000000,90.660294,-26,2256
554230000,22.5797864640,113.9260917755,4,11,85.047485,85.150251,89.305696,27,2228
554230100,22.5797864880,113.9260940119,4,12,85.054619,85.301342,89.851758,6,2319
554230200,22.5797864382,113.9260962251,4,11,85.107475,85.450115,88.986677,41,2318
554230300,22.5797864917,113.9260984389,4,12,85.140022,85.662002,91.240413,-49,2263
554230400,22.5797864946,113.9261006896,4,12,85.238319,85.796830,89.096593,36,2283
554230500,22.5797865652,113.9261028911,4,12,85.271179,85.571363,90.270842,-11,2327
554230600,22.5797865887,113.9261050349,4,12,85.293114,85.288066,88.063692,76,2248
554230700,22.5797866137,113.9261072023,4,11,85.187988,85.140234,89.483370,20,2218
554230800,22.5797866588,113.9261094050,4,11,85.118019,85.420108,89.435022,22,2231
554230900,22.5797866539,113.9261116257,4,11,85.086823,84.990121,89.113139,35,2261
554231000,22.5797867425,113.9261138060,4,11,84.903099,84.930466,89.649724,14,2290
554231100,22.5797867352,113.9261160513,4,11,84.830437,85.287269,86.452511,138,2226
554231200,22.5797867866,113.9261181919,4,12,84.882294,85.069150,91.532136,-62,2318
554231300,22.5797868747,113.9261204571,4,12,84.848267,84.862270,87.471633,99,2242
554231400,22.5797868503,113.9261227024,4,12,84.798012,84.719141,87.504072,102,2340
554231500,22.5797868961,113.9261249042,4,12,84.721222,84.870146,91.345543,-54,2299
554231600,22.5797869417,113.9261270694,4,12,84.749657,84.510561,87.292936,107,2263
554231700,22.5797870057,113.9261292796,4,11,84.703339,84.290831,88.652113,52,2210
554231800,22.5797871368,113.9261314967,4,11,84.686745,84.861700,88.314576,67,2277
554231900,22.5797872367,113.9261337680,4,11,84.791397,84.793121,85.532060,178,2278
554232000,22.5797872072,113.9261359898,4,11,84.787628,84.587383,86.273917,152,2334
554232100,22.5797873237,113.9261382152,4,12,84.775307,84.655679,92.815149,-113,2298
554232200,22.5797873501,113.9261404280,4,12,84.813118,84.509466,85.616736,174,2270
554232300,22.5797873421,113.9261427096,4,12,84.749763,84.152841,89.117432,35,2272
554232400,22.5797873903,113.9261449357,4,11,84.742073,84.654730,89.902100,4,2341
554232500,22.5797873804,113.9261471593,4,11,84.737251,84.656622,87.929669,83,2296
554232600,22.5797874773,113.9261494164,4,11,84.780983,84.725296,90.299453,-12,2296
554232700,22.5797875235,113.9261516673,4,12,84.795586,84.861891,87.426641,104,2314
554232800,22.5797876469,113.9261538837,4,12,84.822769,85.216432,88.489307,61,2313
554232900,22.5797876149,113.9261561881,4,12,84.943321,85.145964,86.949114,122,2289
554233000,22.5797875958,113.9261584583,4,12,84.900879,84.589074,89.782238,9,2368
554233100,22.5797875917,113.9261607473,4,12,84.851395,84.591862,90.612897,-25,2337
554233200,22.5797874932,113.9261628966,4,12,84.773308,84.453599,89.708173,12,2356
554233300,22.5797875859,113.9261651196,4,12,84.681465,84.384465,92.466127,-96,2229
554233400,22.5797876718,113.9261674109,4,12,84.593575,84.580478,89.118983,35,2276
554233500,22.5797877986,113.9261695995,4,12,84.612144,84.513950,86.382806,149,2357
554233600,22.5797878119,113.9261718489,4,12,84.560410,84.515292,86.275792,146,2243
554233700,22.5797877556,113.9261740877,4,12,84.505783,84.160381,90.540279,-22,2333
554233800,22.5797877848,113.9261762568,4,12,84.426598,84.230256,91.096436,-44,2299
554233900,22.5797879068,113.9261784881,4,12,84.372643,83.952023,89.154462,33,2236
554234000,22.5797878924,113.9261807017,4,12,84.225479,83.812995,86.507640,140,2294
554234100,22.5797879091,113.9261828225,4,12,84.081589,83.676827,90.730967,-29,2273
554234200,22.5797878669,113.9261850085,4,12,83.952141,83.733463,89.763892,9,2184
554234300,22.5797878919,113.9261872043,4,11,83.874008,83.798372,90.716800,-28,2238
554234400,22.5797880268,113.9261893610,4,11,83.800629,83.862083,88.453212,61,2259
554234500,22.5797881395,113.9261915565,4,11,83.812119,84.218387,87.880816,82,2216
554234600,22.5797881644,113.9261936900,4,11,83.898254,84.075320,85.803959,165,2249
554234700,22.5797881186,113.9261958121,4,12,83.900764,84.066344,89.298772,27,2206
554234800,22.5797881536,113.9261979970,4,11,83.875664,84.349849,90.985079,-38,2210
554234900,22.5797881646,113.9262001091,4,12,83.934151,84.152841,88.610972,54,2227
554235000,22.5797882417,113.9262022110,4,12,83.824226,83.387015,89.474365,20,2180
554235100,22.5797883206,113.9262042835,4,12,83.713959,83.669599,87.999674,76,2176
554235200,22.5797883364,113.9262063627,4,12,83.673553,83.895313,87.463066,93,2099
554235300,22.5797883167,113.9262085255,4,12,83.627960,83.963129,88.805958,45,2159
554235400,22.5797883081,113.9262106914,4,12,83.567711,83.803215,89.486841,20,2233
554235500,22.5797882821,113.9262127763,4,12,83.562660,84.290831,90.647236,-25,2213
554235600,22.5797883072,113.9262149559,4,12,83.670303,84.299622,91.019762,-39,2191
554235700,22.5797883163,113.9262171743,4,12,83.720650,84.088733,90.179932,-7,2229
554235800,22.5797883858,113.9262193902,4,12,83.817757,84.661329,88.938620,42,2267
554235900,22.5797884128,113.9262215470,4,12,84.041237,85.224726,87.073368,116,2269
554236000,22.5797885247,113.9262236799,4,12,84.234802,85.224726,89.948359,2,2219
554236100,22.5797885335,113.9262259109,4,12,84.379898,84.813593,87.214272,107,2199
554236200,22.5797885110,113.9262280556,4,12,84.469040,85.088663,89.023035,39,2287
554236300,22.5797885858,113.9262302477,4,12,84.602547,84.531014,90.621630,-24,2212
554236400,22.5797886618,113.9262324391,4,12,84.617653,83.829268,88.411660,63,2272
554236500,22.5797887084,113.9262346172,4,12,84.516251,84.028812,88.060243,76,2244
554236600,22.5797887761,113.9262367992,4,12,84.443588,84.103609,88.535151,57,2229
554236700,22.5797887576,113.9262389921,4,12,84.423439,84.372126,87.493790,98,2239
554236800,22.5797888055,113.9262411749,4,12,84.435135,84.576979,89.949363,2,2263
554236900,22.5797889461,113.9262434244,4,12,84.535629,85.000000,89.306629,27,2231
554237000,22.5797890585,113.9262456200,4,12,84.703438,85.353189,86.192499,154,2314
554237100,22.5797890966,113.9262478643,4,12,84.869926,85.286477,86.093796,155,2270
554237200,22.5797891815,113.9262501709,4,12,84.995171,85.489863,89.009679,40,2314
554237300,22.5797892994,113.9262524411,4,12,85.184265,85.350310,87.524017,103,2382
554237400,22.5797892988,113.9262546948,4,12,85.273598,85.279913,86.843413,128,2321
554237500,22.5797893001,113.9262569661,4,12,85.307564,85.146561,90.369010,-15,2329
554237600,22.5797893452,113.9262592617,4,11,85.375923,84.863210,90.220367,-9,2340
554237700,22.5797895163,113.9262614932,4,11,85.369438,84.309137,89.295380,29,2358
554237800,22.5797896758,113.9262638079,4,11,85.214050,83.825911,84.890381,207,2315
554237900,22.5797896885,113.9262661451,4,11,85.005348,83.544628,85.545954,185,2375
554238000,22.5797896821,113.9262685110,4,11,84.751366,83.256330,89.880285,5,2393
554238100,22.5797898125,113.9262708324,4,12,84.464439,83.188187,90.401655,-17,2425
554238200,22.5797898391,113.9262732237,4,12,84.206879,83.125146,85.220500,200,2392
554238300,22.5797899233,113.9262756176,4,12,83.979034,83.268105,90.486921,-21,2471
554238400,22.5797899359,113.9262779718,4,12,83.854286,83.683977,88.048282,84,2465
554238500,22.5797899452,113.9262803543,4,12,83.818153,83.882602,88.615045,58,2399
554238600,22.5797899453,113.9262827454,4,12,83.818748,83.814605,90.325277,-14,2466
554238700,22.5797899700,113.9262851599,4,12,83.894913,84.370082,88.744530,54,2464
554238800,22.5797899605,113.9262875324,4,12,84.007637,84.507083,90.646339,-28,2482
554238900,22.5797899953,113.9262899263,4,12,84.165001,84.922469,89.671257,14,2440
554239000,22.5797900472,113.9262923604,4,12,84.426750,85.408693,88.485824,65,2459
554239100,22.5797900488,113.9262947989,4,12,84.701256,85.544177,89.348684,29,2551
554239200,22.5797900622,113.9262971777,4,12,84.869637,85.828198,89.817312,8,2509
554239300,22.5797899935,113.9262996113,4,12,84.934334,86.035589,89.341997,28,2438
554239400,22.5797900331,113.9263019983,4,12,85.427200,86.318821,92.925144,-128,2505
554239500,22.5797900161,113.9263044387,4,12,85.698647,85.480066,88.707657,55,2438
554239600,22.5797900542,113.9263068409,4,12,85.735062,85.275081,90.249505,-11,2526
554239700,22.5797899585,113.9263092905,4,12,85.677811,85.137541,89.121086,38,2477
554239800,22.5797899429,113.9263117138,4,12,85.523560,84.861700,92.479674,-109,2517
554239900,22.5797899510,113.9263141082,4,12,85.316277,84.862081,90.183419,-8,2499
554240000,22.5797899257,113.9263164755,4,12,85.038513,84.931698,89.953361,2,2457
554240100,22.5797899120,113.9263189416,4,12,84.892967,85.067840,91.097665,-47,2453
554240200,22.5797899894,113.9263213539,4,12,84.869087,85.418423,90.769632,-34,2531
554240300,22.5797900330,113.9263237606,4,12,84.906410,85.685277,88.334356,72,2476
554240400,22.5797900461,113.9263261367,4,12,84.935158,85.409249,87.139916,123,2462
554240500,22.5797900546,113.9263285132,4,12,84.942574,85.478104,89.533622,20,2457
554240600,22.5797900608,113.9263309046,4,12,84.936348,85.478104,90.698127,-30,2462
554240700,22.5797900020,113.9263333284,4,12,84.918205,84.229208,90.210559,-9,2449
554240800,22.5797901251,113.9263356832,4,12,84.800606,84.019004,90.527740,-23,2497
554240900,22.5797902204,113.9263380587,4,12,84.604065,84.167271,86.445676,151,2431
554241000,22.5797902511,113.9263405361,4,12,84.483109,83.953216,86.901476,131,2420
554241100,22.5797904028,113.9263428866,4,12,84.413597,83.884752,89.103426,40,2556
554241200,22.5797904724,113.9263452608,4,12,84.323196,83.951784,86.741629,138,2424
554241300,22.5797903867,113.9263476334,4,12,84.261726,84.232345,86.686326,140,2418
554241400,22.5797903763,113.9263501046,4,12,84.262169,84.435624,93.153925,-135,2450
554241500,22.5797903180,113.9263524697,4,12,84.375839,84.843881,90.650042,-29,2556
554241600,22.5797904352,113.9263548908,4,12,84.448837,84.774040,91.380636,-59,2448
554241700,22.5797905373,113.9263572621,4,12,84.426048,84.921080,85.222958,207,2477
554241800,22.5797905117,113.9263597207,4,12,84.519997,84.852026,90.636332,-27,2431
554241900,22.5797905595,113.9263620621,4,12,84.567429,84.852635,90.954463,-42,2521
554242000,22.5797904707,113.9263643622,4,12,84.509476,84.081371,89.097779,38,2413
554242100,22.5797906350,113.9263667620,4,12,84.393105,83.651180,91.468801,-61,2379
554242200,22.5797907676,113.9263691983,4,12,84.234085,83.579816,85.365160,200,2467
554242300,22.5797910102,113.9263715140,4,12,83.989334,83.014118,88.561055,63,2508
554242400,22.5797910223,113.9263738941,4,12,83.693085,82.710186,84.303793,236,2366
554242500,22.5797911372,113.9263763249,4,12,83.424812,82.789021,88.653205,58,2467
554242600,22.5797911759,113.9263786553,4,12,83.259834,82.591046,85.863957,181,2503
554242700,22.5797912751,113.9263810644,4,12,83.155792,82.581049,89.188026,34,2399
554242800,22.5797913605,113.9263834552,4,12,83.170326,83.296686,87.632411,102,2467
554242900,22.5797915134,113.9263859300,4,11,83.263901,83.363706,88.215878,77,2472
554243000,22.5797915584,113.9263882661,4,11,83.353577,83.573885,85.942947,182,2566
554243100,22.5797915261,113.9263906230,4,11,83.431999,83.803215,88.876697,47,2397
554243200,22.5797915625,113.9263929882,4,11,83.544930,83.943112,90.951275,-40,2409
554243300,22.5797916071,113.9263953646,4,11,83.659470,84.093746,89.716594,12,2426
554243400,22.5797915573,113.9263977164,4,11,83.792480,84.230578,88.718168,55,2458
554243500,22.5797915204,113.9263999981,4,11,83.847343,84.169543,90.237839,-10,2409
554243600,22.5797916225,113.9264023753,4,11,83.992592,84.590194,92.192303,-90,2351
554243700,22.5797917029,113.9264047159,4,12,84.140060,84.794815,86.102150,167,2451
554243800,22.5797916337,113.9264070769,4,12,84.309586,84.932068,88.503809,63,2412
554243900,22.5797916087,113.9264094132,4,12,84.424751,84.932434,93.011551,-128,2433
554244000,22.5797916534,113.9264117814,4,12,84.583366,85.272095,88.382042,67,2372
554244100,22.5797916688,113.9264141139,4,12,84.719437,85.272835,89.206868,34,2456
554244200,22.5797917321,113.9264163941,4,12,84.753792,85.341507,89.311724,29,2414
554244300,22.5797917150,113.9264186709,4,12,84.755623,85.341042,88.853750,47,2349
554244400,22.5797917881,113.9264210213,4,12,85.074356,85.420709,91.501608,-61,2327
554244500,22.5797917348,113.9264233198,4,12,85.193535,85.284125,88.137187,79,2429
554244600,22.5797917420,113.9264255993,4,11,85.228966,85.214371,91.620690,-67,2368
554244700,22.5797917272,113.9264278142,4,12,85.247826,85.077531,90.098828,-4,2319
554244800,22.5797918214,113.9264301021,4,12,85.189888,85.077010,90.328267,-13,2269
554244900,22.5797918297,113.9264323556,4,12,85.139511,85.077010,88.074816,80,2380
554245000,22.5797918823,113.9264346256,4,12,85.041412,84.874182,89.402931,24,2303
554245100,22.5797919084,113.9264369070,4,12,84.919846,84.660344,88.814228,48,2319
554245200,22.5797920782,113.9264391225,4,12,84.817772,84.522546,89.398933,25,2383
554245300,22.5797920074,113.9264413832,4,12,84.742874,84.315145,85.321899,186,2273
554245400,22.5797920166,113.9264435921,4,12,84.569740,83.886931,92.182585,-88,2309
554245500,22.5797919881,113.9264458069,4,12,84.409630,83.891504,90.456127,-18,2261
554245600,22.5797919704,113.9264480268,4,12,84.242599,83.609028,89.112147,36,2323
554245700,22.5797920553,113.9264503076,4,12,84.089897,83.734001,92.681039,-107,2285
554245800,22.5797921320,113.9264525064,4,12,84.029686,84.006761,85.987536,164,2338
554245900,22.5797921853,113.9264547193,4,12,84.000069,84.083897,88.499255,59,2252
554246000,22.5797921246,113.9264569192,4,12,83.985817,83.871890,88.371294,65,2286
554246100,22.5797921719,113.9264590578,4,12,83.938927,84.147680,92.138787,-85,2276
554246200,22.5797922971,113.9264612497,4,12,83.957191,84.231302,88.082097,73,2180
554246300,22.5797923100,113.9264634131,4,12,84.005692,83.816211,86.608286,134,2261
554246400,22.5797924072,113.9264656240,4,12,83.911629,83.540675,90.127607,-5,2245
554246500,22.5797923998,113.9264677684,4,12,83.880699,84.222856,86.947453,121,2269
554246600,22.5797924743,113.9264698911,4,12,83.909019,83.806511,90.466441,-18,2211
554246700,22.5797925192,113.9264720914,4,12,83.884285,83.601150,87.149452,108,2169
554246800,22.5797926044,113.9264742748,4,12,83.810570,83.662292,88.757941,49,2260
554246900,22.5797926943,113.9264764173,4,12,83.815979,84.026999,87.507133,98,2251
554247000,22.5797926817,113.9264785687,4,12,83.824326,83.961725,87.719744,88,2210
554247100,22.5797926491,113.9264807187,4,12,83.865753,83.821121,90.360023,-14,2228
554247200,22.5797926841,113.9264828877,4,12,83.892899,84.016309,91.327379,-51,2201
554247300,22.5797927502,113.9264850228,4,12,83.994156,83.830664,89.512279,19,2232
554247400,22.5797929050,113.9264871773,4,12,83.969185,83.892316,88.408135,61,2195
554247500,22.5797930354,113.9264893073,4,12,84.044983,84.372629,85.506871,175,2227
554247600,22.5797930331,113.9264914923,4,11,84.149826,84.168160,86.534945,132,2180
554247700,22.5797930825,113.9264936169,4,11,84.132202,83.960473,90.609507,-24,2256
554247800,22.5797931420,113.9264957317,4,11,84.093636,83.744909,88.613660,53,2190
554247900,22.5797931474,113.9264979168,4,11,84.105553,84.364926,88.277935,65,2162
554248000,22.5797932464,113.9265000768,4,11,84.193253,83.814605,89.316131,27,2262
554248100,22.5797933212,113.9265022513,4,11,84.126793,84.088909,87.605483,93,2224
554248200,22.5797933353,113.9265043313,4,11,84.135719,84.162060,87.976527,79,2236
554248300,22.5797934498,113.9265065066,4,11,84.132973,84.102414,89.172393,31,2146
554248400,22.5797935264,113.9265086739,4,11,84.099915,84.036165,86.841525,123,2229
554248500,22.5797935632,113.9265108417,4,11,84.129021,84.431764,87.587351,94,2231
554248600,22.5797935607,113.9265130245,4,11,84.199371,84.785044,88.817752,46,2229
554248700,22.5797935036,113.9265151784,4,11,84.363205,84.440187,90.486414,-19,2238
554248800,22.5797936105,113.9265173202,4,12,84.290489,83.748310,91.718614,-67,2233
554248900,22.5797936790,113.9265194750,4,11,84.326553,84.655310,86.199766,146,2198
554249000,22.5797937230,113.9265215964,4,11,84.426826,84.657144,88.266646,67,2214
554249100,22.5797937571,113.9265237376,4,11,84.476143,84.455706,89.322592,26,2199
554249200,22.5797938090,113.9265258071,4,11,84.470985,84.449096,88.819622,45,2184
554249300,22.5797937521,113.9265279527,4,12,84.557686,85.145964,88.258527,64,2105
554249400,22.5797938047,113.9265301226,4,12,84.699158,84.730103,91.429544,-56,2244
554249500,22.5797937917,113.9265322856,4,11,84.684196,84.312871,87.877969,84,2267
554249600,22.5797937750,113.9265344612,4,11,84.709740,84.865593,90.309147,-12,2224
554249700,22.5797937685,113.9265366856,4,11,84.733284,84.731548,90.487940,-19,2231
554249800,22.5797936923,113.9265388258,4,12,84.729622,84.327094,90.249545,-10,2296
554249900,22.5797938245,113.9265409820,4,11,84.647835,84.041934,92.064055,-79,2192
554250000,22.5797938727,113.9265432021,4,11,84.586395,84.595158,86.700113,128,2220
554250100,22.5797939231,113.9265453384,4,11,84.564407,84.462388,88.604057,55,2257
554250200,22.5797939211,113.9265475046,4,12,84.525200,84.244112,88.247662,67,2190
554250300,22.5797939373,113.9265496404,4,11,84.416328,84.384767,90.460608,-18,2239
554250400,22.5797940383,113.9265518402,4,12,84.396645,84.113169,89.423919,22,2188
554250500,22.5797940410,113.9265539820,4,12,84.229919,84.110801,86.983217,119,2258
554250600,22.5797940330,113.9265561785,4,11,84.193207,84.447605,90.000000,0,2196
554250700,22.5797940436,113.9265583898,4,11,84.210480,84.863952,90.227664,-9,2265
554250800,22.5797940306,113.9265605315,4,11,84.252953,84.306940,89.369293,25,2271
554250900,22.5797941212,113.9265627043,4,12,84.115311,84.586632,90.390292,-15,2202
554251000,22.5797942706,113.9265648688,4,12,84.150780,84.523182,87.741185,88,2231
554251100,22.5797943350,113.9265670970,4,12,84.174026,84.183173,85.589506,172,2230
554251200,22.5797942927,113.9265692540,4,12,84.089577,83.917284,88.104967,76,2297
554251300,22.5797943128,113.9265714326,4,12,84.004074,83.704970,90.986418,-38,2207
554251400,22.5797943845,113.9265736240,4,12,83.833122,83.645541,89.489128,20,2243
554251500,22.5797944824,113.9265758142,4,12,83.760445,83.306975,88.676488,53,2294
554251600,22.5797946440,113.9265780037,4,12,83.630829,83.164956,87.398595,102,2245
554251700,22.5797947248,113.9265801517,4,11,83.622032,83.782931,85.414980,181,2257
554251800,22.5797947701,113.9265823859,4,11,83.650108,83.847437,86.996733,116,2211
554251900,22.5797948019,113.9265846016,4,11,83.686630,83.708404,88.182092,73,2300
554252000,22.5797948348,113.9265868212,4,11,83.704834,83.761728,90.426823,-17,2282
554252100,22.5797948813,113.9265890213,4,11,83.756439,83.844692,88.793951,48,2280
554252200,22.5797949318,113.9265912329,4,11,83.892029,83.428020,87.880771,84,2270
554252300,22.5797949500,113.9265934983,4,11,83.815681,83.489020,88.989597,40,2268
554252400,22.5797949886,113.9265957244,4,11,83.810089,83.644253,89.241969,31,2343
554252500,22.5797950138,113.9265979050,4,11,83.772697,83.159805,89.170049,33,2278
554252600,22.5797950769,113.9266000728,4,11,83.823051,83.282413,90.894375,-35,2242
554252700,22.5797951208,113.9266023035,4,11,83.494278,83.480857,86.803155,125,2238
554252800,22.5797951581,113.9266044720,4,11,83.492088,83.772969,89.099748,36,2291
554252900,22.5797952494,113.9266066665,4,11,83.457497,83.354354,88.995817,39,2225
554253000,22.5797953170,113.9266089112,4,11,83.452179,83.562155,87.620377,94,2262
554253100,22.5797952962,113.9266111457,4,11,83.443192,83.772969,88.408860,64,2304
554253200,22.5797953480,113.9266133566,4,11,83.474350,83.768023,89.950156,2,2299
554253300,22.5797954100,113.9266155888,4,10,83.475662,83.616595,89.118983,35,2276
554253400,22.5797954826,113.9266178136,4,11,83.542969,83.822722,87.215773,112,2303
554253500,22.5797955900,113.9266200217,4,11,83.580521,83.761365,88.498489,60,2289
554253600,22.5797956335,113.9266222545,4,11,83.626610,83.494595,87.175362,112,2270
554253700,22.5797956033,113.9266244748,4,11,83.616119,83.691050,89.128175,35,2300
554253800,22.5797955972,113.9266266762,4,11,83.694244,83.891623,90.675508,-27,2290
554253900,22.5797956030,113.9266289097,4,12,83.741241,83.816211,89.671878,13,2270
554254000,22.5797956843,113.9266311531,4,12,83.745819,83.946314,89.775214,9,2294
554254100,22.5797957404,113.9266333394,4,12,83.915131,84.363189,87.636832,95,2302
554254200,22.5797957397,113.9266355406,4,12,84.081902,84.639470,88.419476,62,2247
554254300,22.5797957862,113.9266377655,4,12,84.278954,84.921940,90.000000,0,2260
554254400,22.5797957969,113.9266399178,4,12,84.479996,85.202424,88.577260,57,2295
554254500,22.5797957653,113.9266420884,4,12,84.599419,84.923606,89.792501,8,2209
554254600,22.5797957695,113.9266441752,4,12,84.587822,84.588839,90.925289,-36,2229
554254700,22.5797958006,113.9266463085,4,12,84.816299,84.586076,89.786906,8,2151
554254800,22.5797958458,113.9266483923,4,12,84.800117,84.664436,89.187906,31,2187
554254900,22.5797958614,113.9266504702,4,12,84.832268,83.979694,88.794233,45,2138
554255000,22.5797959120,113.9266525149,4,12,84.468857,83.776244,89.411274,22,2141
554255100,22.5797959530,113.9266544924,4,12,84.372452,83.721289,88.472475,56,2100
554255200,22.5797959329,113.9266564697,4,12,84.336441,83.583012,88.899921,39,2031
554255300,22.5797959012,113.9266584261,4,12,84.304703,83.162518,90.619086,-22,2036
554255400,22.5797958712,113.9266603575,4,12,84.226578,83.595395,90.767689,-27,2015
554255500,22.5797958783,113.9266622094,4,12,83.492104,84.035417,91.010148,-35,1985
554255600,22.5797959416,113.9266640925,4,12,83.426567,83.492564,89.669509,11,1907
554255700,22.5797959670,113.9266659496,4,12,83.186432,82.510447,88.193441,61,1934
554255800,22.5797960097,113.9266678151,4,12,82.987045,83.638810,89.259786,25,1935
554255900,22.5797959810,113.9266696046,4,12,82.944016,83.590596,88.598457,47,1921
554256000,22.5797960315,113.9266714019,4,12,82.996704,83.115452,91.482255,-48,1855
554256100,22.5797961118,113.9266731863,4,12,82.986252,82.265935,88.172361,59,1849
554256200,22.5797961741,113.9266749482,4,12,82.912704,82.802750,87.316712,86,1835
554256300,22.5797962486,113.9266767015,4,12,82.628105,83.183099,87.761052,71,1816
554256400,22.5797963056,113.9266783753,4,12,82.660309,82.176213,87.424857,81,1801
554256500,22.5797963016,113.9266800092,4,12,82.363647,81.144173,87.967669,61,1719
554256600,22.5797963058,113.9266816353,4,12,82.084381,81.825424,90.273486,-8,1676
554256700,22.5797962887,113.9266831752,4,12,82.014145,82.344141,89.931546,2,1674
554256800,22.5797963430,113.9266846302,4,12,82.109970,82.168897,90.543243,-15,1582
554256900,22.5797963841,113.9266859742,4,12,82.185043,81.696003,87.520386,65,1501
554257000,22.5797963609,113.9266872174,4,12,81.830994,81.656991,88.300696,41,1382
554257100,22.5797963619,113.9266883672,4,12,81.898743,82.022667,91.253145,-28,1280
554257200,22.5797963688,113.9266894611,4,12,81.934143,82.500897,89.951485,1,1181
554257300,22.5797963870,113.9266904472,4,12,81.989380,82.431015,89.694968,6,1127
554257400,22.5797963701,113.9266913409,4,12,82.022034,82.414396,88.985023,18,1016
554257500,22.5797963845,113.9266921479,4,12,82.027527,82.198888,91.002887,-16,914
554257600,22.5797964191,113.9266928478,4,12,82.031799,82.254015,88.766549,18,836
554257700,22.5797964173,113.9266934372,4,12,81.958771,81.652967,87.307576,34,723
554257800,22.5797964317,113.9266939069,4,12,81.798729,80.807853,90.000000,0,603
554257900,22.5797964322,113.9266942888,4,12,81.567085,80.392846,90.680710,-6,505
554258000,22.5797964598,113.9266945832,4,12,81.162407,80.296845,90.000000,0,393
554258100,22.5797964727,113.9266947770,4,12,80.865364,80.236358,83.453709,35,305
554258200,22.5797964764,113.9266948612,4,12,80.661987,80.987487,85.165594,17,201
554258300,22.5797964850,113.9266948759,4,12,80.651962,81.903348,0.000000,4,86
554258400,22.5797964717,113.9266948878,4,12,80.824257,82.591604,0.000000,9,14
554258500,22.5797964774,113.9266949139,4,12,81.198288,83.282413,0.000000,-14,12
554258600,22.5797964780,113.9266949200,4,12,81.662872,83.636986,0.000000,4,26
554258700,22.5797964959,113.9266949259,4,12,81.750153,84.318397,0.000000,2,7
554258800,22.5797964969,113.9266949042,4,12,82.585831,84.599470,0.000000,16,3
554258900,22.5797964776,113.9266948784,4,12,83.197678,84.731907,0.000000,2,-22
554259000,22.5797964849,113.9266948781,4,12,83.629189,84.666667,0.000000,-20,-24
554259100,22.5797964798,113.9266948596,4,12,83.950829,84.466677,0.000000,7,-1
554259200,22.5797964680,113.9266948442,4,12,84.198730,84.465255,0.000000,-6,-18
554259300,22.5797964845,113.9266948473,4,12,84.390724,84.398416,0.000000,-10,-15
554259400,22.5797964742,113.9266948347,4,12,84.522034,84.333357,0.000000,16,2
554259500,22.5797964844,113.9266948463,4,12,84.616676,84.535193,0.000000,-12,-12
554259600,22.5797964858,113.9266948380,4,12,84.730797,84.534577,0.000000,9,10
554259700,22.5797964787,113.9266948340,4,12,84.819679,84.601592,0.000000,1,-8
554259800,22.5797964820,113.9266948317,4,12,84.853981,84.536421,0.000000,-8,-3
554259900,22.5797964720,113.9266948289,4,12,84.924004,84.403191,0.000000,4,0
554260000,22.5797964740,113.9266948327,4,12,84.920357,84.403191,0.000000,-11,-2
554260100,22.5797964560,113.9266948174,4,12,84.914879,84.533339,0.000000,1,6
554260200,22.5797964634,113.9266948181,4,12,84.864349,84.134542,0.000000,-4,-5
554260300,22.5797964591,113.9266948131,4,12,84.772446,84.128758,0.000000,8,2
554260400,22.5797964633,113.9266948215,4,12,84.698959,84.263763,0.000000,-5,-5
554260500,22.5797964598,113.9266948179,4,12,84.651123,84.196841,0.000000,4,8
554260600,22.5797964584,113.9266948080,4,12,84.632950,84.202166,0.000000,-5,-4
554260700,22.5797964577,113.9266948115,4,12,84.542442,83.930603,0.000000,1,-10
554260800,22.5797964525,113.9266948061,4,12,84.427071,83.852708,0.000000,-2,4
554260900,22.5797964535,113.9266948090,4,12,84.288696,83.573645,0.000000,-5,-5
554261000,22.5797964429,113.9266948141,4,12,84.145340,83.644253,0.000000,3,5
554261100,22.5797964533,113.9266948181,4,12,83.989632,83.633324,0.000000,-13,4
554261200,22.5797964493,113.9266948110,4,12,83.897934,83.697170,0.000000,11,4
554261300,22.5797964440,113.9266948115,4,12,83.825348,83.635157,0.000000,-3,-8
554261400,22.5797964435,113.9266948021,4,12,83.766762,83.709342,0.000000,-8,0
554261500,22.5797964508,113.9266948223,4,12,83.768661,84.196841,0.000000,4,-8
554261600,22.5797964526,113.9266948223,4,12,83.843163,84.266700,0.000000,5,20
554261700,22.5797964477,113.9266948233,4,12,83.932930,84.335125,0.000000,2,0
554261800,22.5797964366,113.9266948166,4,12,83.963867,84.071677,0.000000,-6,1
554261900,22.5797964471,113.9266948251,4,12,83.956833,83.796965,0.000000,-8,-2
554262000,22.5797964477,113.9266948301,4,12,83.919411,83.730152,0.000000,10,8
554262100,22.5797964508,113.9266948080,4,12,83.861633,83.730152,0.000000,-3,2
554262200,22.5797964571,113.9266948216,4,12,83.812996,83.670429,0.000000,-6,-7
554262300,22.5797964509,113.9266948170,4,12,83.805550,83.398272,0.000000,5,15
554262400,22.5797964505,113.9266948283,4,12,83.621902,83.255345,0.000000,-7,-4
554262500,22.5797964466,113.9266948254,4,12,83.515671,83.259976,0.000000,1,13
554262600,22.5797964438,113.9266948316,4,12,83.445953,83.393020,0.000000,-4,-2
554262700,22.5797964321,113.9266948342,4,12,83.386398,83.324272,0.000000,-4,7
554262800,22.5797964432,113.9266948536,4,12,83.385178,83.319806,0.000000,-13,5
554262900,22.5797964264,113.9266948331,4,12,83.382126,83.520188,0.000000,11,19
554263000,22.5797964221,113.9266948309,4,12,83.326775,83.520188,0.000000,-16,-18
554263100,22.5797964246,113.9266948315,4,12,83.380745,83.862266,0.000000,-7,-3
554263200,22.5797964259,113.9266948566,4,12,83.465416,83.868308,0.000000,3,3
554263300,22.5797964182,113.9266948510,4,12,83.560455,84.067980,0.000000,0,29
554263400,22.5797964199,113.9266948576,4,12,83.607048,83.930603,0.000000,-9,-6
554263500,22.5797964169,113.9266948639,4,12,83.730164,83.993401,0.000000,1,9
554263600,22.5797964147,113.9266948528,4,12,83.796570,83.992052,0.000000,-2,6
554263700,22.5797964155,113.9266948702,4,12,83.843491,83.921981,0.000000,-3,-11
554263800,22.5797964136,113.9266948795,4,12,83.865273,83.859221,0.000000,-4,18
554263900,22.5797964162,113.9266948011,4,12,83.864410,83.657975,0.000000,-2,10
