530148400,22.5797489943,113.9264647054,4,12,-0.002747,0.000000,0,0
530148500,22.5797490119,113.9264646993,4,12,275.671539,277.157182,-29,-8
530148600,22.5797490065,113.9264646934,4,12,275.711517,277.084478,17,-5
530148700,22.5797490214,113.9264646754,4,12,275.750427,276.461680,-7,-5
530148800,22.5797489847,113.9264646977,4,12,275.792419,276.258112,13,-18
530148900,22.5797489941,113.9264646993,4,12,275.830017,276.374479,-36,19
530149000,22.5797490370,113.9264646823,4,12,275.882507,276.326093,10,0
530149100,22.5797490004,113.9264646943,4,12,275.937775,276.282924,40,-13
530149200,22.5797490044,113.9264646813,4,12,275.977844,276.042474,-35,8
530149300,22.5797489976,113.9264646741,4,12,276.015503,276.219884,6,-13
530149400,22.5797489980,113.9264646698,4,12,276.065582,276.389440,-7,-8
530149500,22.5797490200,113.9264646848,4,12,276.123016,276.042936,-1,-7
530149600,22.5797490067,113.9264646760,4,12,276.142334,276.262620,27,13
530149700,22.5797490057,113.9264646679,4,12,276.180450,276.248140,-17,-12
530149800,22.5797490025,113.9264646718,4,12,276.232880,276.127261,-1,-9
530149900,22.5797489960,113.9264646565,4,12,276.217987,275.850708,0,1
530150000,22.5797489780,113.9264646714,4,12,276.184174,276.147806,-2,-16
530150100,22.5797490032,113.9264646898,4,12,276.203949,276.245273,-25,14
530150200,22.5797490134,113.9264646815,4,12,276.253387,276.384458,15,-12
530150300,22.5797490219,113.9264646924,4,12,276.293701,276.293999,8,-7
530150400,22.5797490121,113.9264646755,4,12,276.292786,276.099111,9,9
530150500,22.5797490146,113.9264646692,4,12,276.303955,276.355953,-12,-17
530150600,22.5797490208,113.9264647018,4,12,276.295044,276.023226,1,-8
530150700,22.5797490181,113.9264646962,4,12,276.241241,275.891697,13,29
530150800,22.5797490051,113.9264646894,4,12,276.166138,275.834038,-7,-3
530150900,22.5797490086,113.9264646887,4,12,276.075745,275.705103,-13,-8
530151000,22.5797490271,113.9264646698,4,12,275.968353,275.825112,0,0
530151100,22.5797490174,113.9264646809,4,12,275.910004,275.566012,19,-17
530151200,22.5797490164,113.9264646805,4,12,275.821533,275.606194,-9,9
530151300,22.5797490238,113.9264646894,4,12,275.748016,275.566012,0,-3
530151400,22.5797490349,113.9264646832,4,12,275.647034,275.254613,7,8
530151500,22.5797490306,113.9264646909,4,12,275.530365,275.280479,11,-4
530151600,22.5797490182,113.9264646814,4,12,275.446045,275.358859,-9,7
530151700,22.5797490408,113.9264646736,4,12,275.391937,275.398494,-8,-12
530151800,22.5797490387,113.9264646941,4,12,275.400726,275.746055,22,-6
530151900,22.5797490476,113.9264646739,4,12,275.445892,275.864609,1,21
530152000,22.5797490261,113.9264646851,4,12,275.538513,276.155810,11,-23
530152100,22.5797490739,113.9264646813,4,12,275.692932,276.384411,-24,10
530152200,22.5797490247,113.9264647047,4,12,275.820007,276.291927,49,-2
530152300,22.5797490273,113.9264647138,4,12,275.923462,276.137442,-33,-8
530152400,22.5797490320,113.9264647059,4,12,275.997803,276.277564,7,7
530152500,22.5797490257,113.9264647164,4,12,276.091125,276.383923,-1,-7
530152600,22.5797490158,113.9264647178,4,12,276.105103,275.925644,-5,9
530152700,22.5797490267,113.9264647142,4,12,276.078217,275.777022,-11,1
530152800,22.5797490375,113.9264647091,4,12,276.038300,275.881366,13,-5
530152900,22.5797490315,113.9264647083,4,12,275.977966,275.619655,10,-4
530153000,22.5797490398,113.9264646976,4,12,275.932922,275.453120,-5,-2
530153100,22.5797490464,113.9264646851,4,12,275.832275,275.565734,7,-12
530153200,22.5797490430,113.9264647078,4,12,275.806854,275.993543,7,-15
530153300,22.5797490465,113.9264646994,4,12,275.855225,276.084707,-3,21
530153400,22.5797490336,113.9264646946,4,12,275.915466,276.056516,6,-7
530153500,22.5797490565,113.9264646898,4,12,275.958710,276.239516,-18,-7
530153600,22.5797490472,113.9264646899,4,12,276.036469,276.336936,25,-4
530153700,22.5797490401,113.9264646924,4,12,276.143555,276.540498,-8,-1
530153800,22.5797490503,113.9264646895,4,12,276.203217,276.089829,-12,2
530153900,22.5797490515,113.9264646901,4,12,276.197968,276.089829,10,-4
530154000,22.5797490686,113.9264646831,4,12,276.172546,275.872349,2,-1
530154100,22.5797490638,113.9264646804,4,12,276.103699,275.764481,15,-5
530154200,22.5797490479,113.9264646859,4,12,276.080200,275.781727,-3,-5
530154300,22.5797490273,113.9264646678,4,12,276.000793,275.407527,11,-6
530154400,22.5797490515,113.9264646722,4,12,275.879547,275.579163,-22,-19
530154500,22.5797490307,113.9264646838,4,12,275.808746,275.628640,23,6
530154600,22.5797490344,113.9264646756,4,12,275.781036,275.749719,-16,7
530154700,22.5797490431,113.9264646658,4,12,275.812897,275.870386,1,-6
530154800,22.5797490349,113.9264646696,4,12,275.806244,275.704442,11,-13
530154900,22.5797490251,113.9264646673,4,12,275.780396,275.780471,-8,5
530155000,22.5797490461,113.9264646586,4,12,275.834503,276.234689,-9,-4
530155100,22.5797490300,113.9264646589,4,12,275.898956,275.967452,20,-9
530155200,22.5797490295,113.9264646622,4,12,275.911163,275.909168,-19,-1
530155300,22.5797490619,113.9264646379,4,12,275.880829,275.723899,1,3
530155400,22.5797490551,113.9264646391,4,12,275.875885,275.923122,31,-22
530155500,22.5797490471,113.9264646355,4,12,275.890869,275.837985,-6,-4
530155600,22.5797490454,113.9264646364,4,12,275.866058,275.592485,-7,-5
530155700,22.5797490540,113.9264646334,4,12,275.762238,275.393090,-4,2
530155800,22.5797490387,113.9264646348,4,12,275.736908,275.768810,10,-3
530155900,22.5797490603,113.9264646241,4,12,275.711029,275.796375,-16,-2
530156000,22.5797490478,113.9264646258,4,12,275.708527,275.633221,22,-11
530156100,22.5797490628,113.9264646269,4,12,275.682434,275.655686,-12,0
530156200,22.5797490448,113.9264646865,4,12,275.681213,275.795454,15,2
530156300,22.5797490377,113.9264646784,4,12,275.721588,276.231003,-26,6
530156400,22.5797490507,113.9264646760,4,12,275.823792,276.105344,-7,-11
530156500,22.5797490607,113.9264646731,4,12,275.857330,275.768034,16,-5
530156600,22.5797490513,113.9264646818,4,12,275.839569,275.754376,9,-3
530156700,22.5797490524,113.9264646769,4,12,275.841400,275.795454,-6,3
530156800,22.5797490537,113.9264646690,4,12,275.829834,275.746055,0,-4
530156900,22.5797490575,113.9264646821,4,12,275.797485,275.606124,2,-10
530157000,22.5797490366,113.9264646760,4,12,275.750610,275.606124,7,10
530157100,22.5797490578,113.9264646862,4,12,275.707916,275.826178,-22,-8
530157200,22.5797490658,113.9264646775,4,12,275.729797,275.826178,21,12
530157300,22.5797490657,113.9264646709,4,12,275.771881,276.120697,13,-13
530157400,22.5797490755,113.9264646708,4,12,275.866089,276.239974,-5,-6
530157500,22.5797490833,113.9264646686,4,12,275.953613,275.958429,13,-1
530157600,22.5797490668,113.9264646681,4,12,275.969269,276.014624,5,-2
530157700,22.5797490918,113.9264646712,4,12,275.993073,276.028762,-14,-6
530157800,22.5797490794,113.9264646705,4,12,276.019409,276.071391,21,9
530157900,22.5797491056,113.9264646660,4,12,276.036591,275.802098,-8,-7
530158000,22.5797490985,113.9264646639,4,12,276.002716,275.901604,22,-1
530158100,22.5797490921,113.9264646654,4,12,276.003143,276.021582,-1,-5
530158200,22.5797490556,113.9264646910,4,12,276.068298,276.394416,-5,-2
530158300,22.5797490523,113.9264646915,4,12,276.129578,276.120697,-3,-3
530158400,22.5797490488,113.9264646900,4,12,276.153351,276.308148,-4,1
530158500,22.5797490614,113.9264647000,4,12,276.212891,276.393868,-3,-3
530158600,22.5797490750,113.9264646810,4,12,276.246643,276.197346,17,8
530158700,22.5797490939,113.9264646679,4,12,276.293915,276.485345,12,-19
530158800,22.5797490634,113.9264646813,4,12,276.364807,276.577240,19,-12
530158900,22.5797490719,113.9264646839,4,12,276.440521,276.606687,-28,9
530159000,22.5797490748,113.9264646803,4,12,276.527100,276.747324,4,5
530159100,22.5797490743,113.9264646800,4,12,276.565491,276.588013,8,-7
530159200,22.5797490704,113.9264646881,4,12,276.614502,276.804175,-1,-1
530159300,22.5797490722,113.9264646945,4,12,276.646179,276.317115,-3,6
530159400,22.5797490734,113.9264646793,4,12,276.563110,276.021582,0,7
530159500,22.5797490777,113.9264646715,4,12,276.420258,275.804463,6,-19
530159600,22.5797490794,113.9264646695,4,12,276.297211,275.930543,3,-8
530159700,22.5797490772,113.9264646771,4,12,276.218140,275.965646,-1,0
530159800,22.5797490947,113.9264646697,4,12,276.134491,275.830939,1,2
530159900,22.5797491016,113.9264646818,4,12,276.048309,275.795454,20,-6
530160000,22.5797490846,113.9264646707,4,12,275.988647,276.007545,5,10
530160100,22.5797490937,113.9264646716,4,12,275.985016,276.147806,-21,-9
530160200,22.5797490451,113.9264646896,4,12,275.985016,276.012562,8,-2
530160300,22.5797490453,113.9264646902,4,12,275.948975,275.764481,5,-5
530160400,22.5797490412,113.9264646884,4,12,275.902435,275.998536,5,-5
530160500,22.5797490419,113.9264646815,4,12,275.915924,276.089829,-9,3
530160600,22.5797490528,113.9264646806,4,12,275.933319,276.075691,8,-15
530160700,22.5797490586,113.9264646777,4,12,275.942688,276.054852,8,3
530160800,22.5797490532,113.9264646858,4,12,275.963684,276.190589,6,-5
530160900,22.5797490389,113.9264646712,4,12,275.987335,276.005556,-3,5
530161000,22.5797490527,113.9264646712,4,12,275.988098,276.049762,-18,-13
530161100,22.5797490595,113.9264646605,4,12,275.933289,275.986456,18,-2
530161200,22.5797490540,113.9264646758,4,12,275.937378,276.058803,7,-11
530161300,22.5797490340,113.9264646739,4,12,275.945251,275.953481,-3,8
530161400,22.5797490685,113.9264646609,4,12,275.967407,276.151617,-24,3
530161500,22.5797490642,113.9264646637,4,12,276.015411,276.426910,37,-14
530161600,22.5797490662,113.9264646659,4,12,276.122498,276.723242,-6,3
530161700,22.5797490560,113.9264646802,4,12,276.269226,276.768289,6,-1
530161800,22.5797490475,113.9264646671,4,12,276.329742,276.291809,-14,15
530161900,22.5797490728,113.9264646565,4,12,276.352112,276.604762,-1,-17
530162000,22.5797490656,113.9264646604,4,12,276.414856,276.233698,23,-9
530162100,22.5797490650,113.9264646479,4,12,276.381927,275.942064,-7,2
530162200,22.5797490469,113.9264646749,4,12,276.286865,275.801141,1,-14
530162300,22.5797490346,113.9264646779,4,12,276.185638,275.801141,14,-10
530162400,22.5797490509,113.9264646796,4,12,276.151093,276.219884,-10,0
530162500,22.5797490392,113.9264646918,4,12,276.169159,276.268571,13,5
530162600,22.5797490413,113.9264646784,4,12,276.176300,276.107883,-8,7
530162700,22.5797490620,113.9264646592,4,12,276.186584,276.282924,0,-13
530162800,22.5797490587,113.9264646676,4,12,276.249969,276.451722,18,-16
530162900,22.5797490516,113.9264646741,4,12,276.307587,276.326093,-4,7
530163000,22.5797490640,113.9264646505,4,12,276.319000,276.331367,-10,6
530163100,22.5797490573,113.9264646551,4,12,276.333649,276.360073,15,-25
530163200,22.5797490734,113.9264646625,4,12,276.339111,276.044206,-4,1
530163300,22.5797490847,113.9264646580,4,12,276.272522,275.925644,17,10
530163400,22.5797490985,113.9264646433,4,12,276.177063,275.741384,12,-5
530163500,22.5797490883,113.9264646482,4,12,276.112427,275.972425,16,-16
530163600,22.5797490853,113.9264646619,4,12,276.053284,275.542962,-7,1
530163700,22.5797491072,113.9264646447,4,12,275.913544,275.344284,-2,13
530163800,22.5797490901,113.9264646578,4,12,275.783936,275.547380,19,-17
530163900,22.5797491059,113.9264646445,4,12,275.747498,275.836842,-14,7
530164000,22.5797490964,113.9264646355,4,12,275.740723,275.993543,11,-7
530164100,22.5797491157,113.9264646407,4,12,275.777435,276.142617,-8,-10
530164200,22.5797490536,113.9264646862,4,12,275.854340,276.326199,20,7
530164300,22.5797490648,113.9264646851,4,12,275.945343,276.326199,-21,-4
530164400,22.5797490767,113.9264646817,4,12,276.069427,276.340496,16,-5
530164500,22.5797490647,113.9264646899,4,12,276.138641,276.374479,13,-5
530164600,22.5797490703,113.9264646818,4,12,276.210419,276.485345,-12,8
530164700,22.5797490731,113.9264646626,4,12,276.290314,276.504263,7,-8
530164800,22.5797490796,113.9264646840,4,12,276.257416,276.007498,0,-21
530164900,22.5797490634,113.9264646865,4,12,276.227295,276.293896,9,20
530165000,22.5797490672,113.9264646809,4,12,276.237183,276.154028,-14,0
530165100,22.5797490672,113.9264646571,4,12,276.258636,276.370973,4,-6
530165200,22.5797490705,113.9264646520,4,12,276.296509,276.190589,-1,-26
530165300,22.5797490694,113.9264646663,4,12,276.289368,276.268300,7,-7
530165400,22.5797490745,113.9264646561,4,12,276.307678,276.394971,-2,16
530165500,22.5797490481,113.9264646546,4,12,276.340240,276.394971,5,-10
530165600,22.5797490749,113.9264646571,4,12,276.303772,276.253890,-29,-4
530165700,22.5797490739,113.9264646535,4,12,276.284515,275.977410,29,2
530165800,22.5797490917,113.9264646585,4,12,276.200928,275.737030,3,-7
530165900,22.5797490684,113.9264646612,4,12,276.110748,275.849504,20,5
530166000,22.5797490802,113.9264646600,4,12,276.094879,276.153008,-30,3
530166100,22.5797490694,113.9264646569,4,12,276.082031,275.786443,15,-2
530166200,22.5797490323,113.9264647104,4,12,276.021790,275.926442,-4,-11
530166300,22.5797490440,113.9264646968,4,12,275.960785,275.728004,-19,15
530166400,22.5797490774,113.9264647084,4,12,275.892395,276.167258,11,-14
530166500,22.5797490618,113.9264646926,4,12,275.934082,276.083224,38,13
530166600,22.5797490763,113.9264647046,4,12,275.904724,275.569511,-12,-22
530166700,22.5797490567,113.9264647155,4,12,275.826874,275.665047,16,13
530166800,22.5797490527,113.9264647017,4,12,275.752838,275.537916,-15,7
530166900,22.5797490700,113.9264647165,4,12,275.679443,275.556416,-6,-15
530167000,22.5797490661,113.9264647068,4,12,275.638489,275.714095,16,18
530167100,22.5797490765,113.9264647138,4,12,275.588654,275.439843,-1,-12
530167200,22.5797490512,113.9264647115,4,12,275.544373,275.826178,11,5
530167300,22.5797490602,113.9264647026,4,12,275.571899,275.655686,-26,-2
530167400,22.5797490953,113.9264647041,4,12,275.609009,276.105344,12,-10
530167500,22.5797490558,113.9264646982,4,12,275.709106,276.162031,36,2
530167600,22.5797490809,113.9264646931,4,12,275.757416,275.963390,-36,-9
530167700,22.5797490705,113.9264646961,4,12,275.790710,275.892517,25,-6
530167800,22.5797490945,113.9264647078,4,12,275.809692,275.878546,-13,6
530167900,22.5797490794,113.9264647169,4,12,275.825775,275.864609,27,12
530168000,22.5797490901,113.9264647122,4,12,275.879150,276.171054,-18,9
530168100,22.5797490842,113.9264646817,4,12,275.953278,276.277564,12,-6
530168200,22.5797490531,113.9264646913,4,12,276.065125,276.567492,-6,-30
530168300,22.5797490639,113.9264646831,4,12,276.198303,276.582244,-7,15
530168400,22.5797490803,113.9264646765,4,12,276.321350,276.786304,17,-13
530168500,22.5797490690,113.9264646813,4,12,276.448059,276.505778,16,-5
530168600,22.5797490731,113.9264646851,4,12,276.483612,276.349744,-11,2
530168700,22.5797490832,113.9264646733,4,12,276.479218,276.199634,8,0
530168800,22.5797490707,113.9264646580,4,12,276.460571,276.277351,13,-11
530168900,22.5797490419,113.9264646862,4,12,276.457520,276.078084,-9,-20
530169000,22.5797490883,113.9264646835,4,12,276.401398,276.063905,-31,27
530169100,22.5797490666,113.9264646818,4,12,276.319519,275.796375,48,-1
530169200,22.5797490703,113.9264646551,4,12,276.210938,275.768810,-22,-5
530169300,22.5797490774,113.9264646650,4,12,276.108398,275.678277,8,-29
530169400,22.5797490823,113.9264646560,4,12,275.998260,275.538555,0,15
530169500,22.5797490785,113.9264646633,4,12,275.861176,275.313850,8,-12
530169600,22.5797490832,113.9264646594,4,12,275.750885,275.551986,-6,4
530169700,22.5797490676,113.9264646681,4,12,275.625824,275.363692,5,-5
530169800,22.5797490906,113.9264646630,4,12,275.541107,275.597277,-11,5
530169900,22.5797490896,113.9264646260,4,12,275.548248,275.946842,22,-2
530170000,22.5797490845,113.9264646488,4,12,275.575287,275.727722,-7,-36
530170100,22.5797490759,113.9264646427,4,12,275.644806,276.263237,0,17
530170200,22.5797490755,113.9264646783,4,12,275.767609,276.311726,-7,-8
530170300,22.5797490833,113.9264646665,4,12,275.907776,276.600917,-3,7
530170400,22.5797490654,113.9264646913,4,12,276.064301,276.597032,10,-16
530170500,22.5797490566,113.9264646865,4,12,276.225098,276.136309,-21,26
530170600,22.5797490647,113.9264646856,4,12,276.224670,276.030601,3,-8
530170700,22.5797490584,113.9264646847,4,12,276.186676,275.853703,9,-1
530170800,22.5797490536,113.9264646854,4,12,276.140106,275.944469,-5,-3
530170900,22.5797490671,113.9264646922,4,12,276.071381,275.718720,-4,1
530171000,22.5797490401,113.9264646935,4,12,276.003906,275.858511,20,1
530171100,22.5797490618,113.9264646887,4,12,275.966034,275.809215,-31,2
530171200,22.5797490493,113.9264646979,4,12,275.992798,276.273920,22,-7
530171300,22.5797490500,113.9264646791,4,12,276.063782,276.293791,-14,10
530171400,22.5797490411,113.9264646799,4,12,276.122345,276.308137,1,-18
530171500,22.5797490504,113.9264646871,4,12,276.205292,276.645769,-9,-4
530171600,22.5797490450,113.9264646915,4,12,276.319153,276.630999,13,11
530171700,22.5797490414,113.9264646765,4,12,276.364441,276.159211,-4,0
530171800,22.5797490504,113.9264646840,4,12,276.323364,275.849504,-5,-14
530171900,22.5797490542,113.9264646793,4,12,276.237549,275.891090,16,4
530172000,22.5797490466,113.9264646982,4,12,276.147186,275.756148,3,-3
530172100,22.5797490554,113.9264646732,4,12,276.048859,275.354025,-6,17
530172200,22.5797490219,113.9264647129,4,12,275.870178,275.024300,8,-22
530172300,22.5797490396,113.9264647118,4,12,275.651093,274.920679,-17,2
530172400,22.5797490215,113.9264647209,4,12,275.426697,274.711568,20,-3
530172500,22.5797490455,113.9264647149,4,12,275.264465,275.109952,-15,9
530172600,22.5797490244,113.9264647220,4,12,275.170532,275.034995,27,-9
530172700,22.5797490084,113.9264647082,4,12,275.080414,275.021745,-21,7
530172800,22.5797490136,113.9264647163,4,12,275.054047,275.369042,-16,-11
530172900,22.5797490263,113.9264647234,4,12,275.135376,276.128739,8,4
530173000,22.5797490185,113.9264647298,4,12,275.333466,276.447959,14,9
530173100,22.5797490099,113.9264647282,4,12,275.567932,276.530564,-7,4
530173200,22.5797490101,113.9264647265,4,12,275.805054,276.686873,-7,-3
530173300,22.5797490108,113.9264647240,4,12,276.001770,276.560131,-1,0
530173400,22.5797490004,113.9264646978,4,12,276.124481,276.306303,3,-3
530173500,22.5797490148,113.9264647207,4,12,276.196533,276.221876,-15,-27
530173600,22.5797490167,113.9264647175,4,12,276.186584,275.689105,25,19
530173700,22.5797490111,113.9264647009,4,12,276.046173,275.258786,1,-4
530173800,22.5797490125,113.9264647111,4,12,275.690552,272.450986,1,-19
530173900,22.5797490256,113.9264647070,4,12,274.841187,270.693132,-2,9
530174000,22.5797490107,113.9264646810,4,12,274.235413,269.425241,13,-5
530174100,22.5797490225,113.9264646873,4,12,274.224426,268.353043,-13,-27
530174200,22.5797490020,113.9264646801,4,12,274.219238,266.700812,14,5
530174300,22.5797489943,113.9264646816,4,12,269.776794,266.610120,-12,-2
530174400,22.5797489892,113.9264647077,4,12,268.756744,267.623626,-10,2
530174500,22.5797489923,113.9264646955,4,12,268.283264,269.081818,-1,24
530174600,22.5797489955,113.9264646798,4,12,268.343536,272.028034,4,-11
530174700,22.5797489946,113.9264646721,4,12,268.854095,273.295671,1,-19
530174800,22.5797489810,113.9264646838,4,12,269.682190,274.684668,3,-7
530174900,22.5797490004,113.9264646558,4,12,270.745514,275.754376,-14,8
530175000,22.5797490020,113.9264646800,4,12,271.881592,276.360401,23,-26
530175100,22.5797489746,113.9264646668,4,12,272.876526,276.423461,2,22
530175200,22.5797489876,113.9264646649,4,12,273.743835,276.558495,-26,-12
530175300,22.5797489847,113.9264646639,4,12,274.485596,276.524861,12,-4
530175400,22.5797489771,113.9264646526,4,12,275.072540,276.186137,-1,-3
530175500,22.5797489999,113.9264646397,4,12,275.502289,276.023456,-5,-10
530175600,22.5797489846,113.9264646362,4,12,275.810486,275.875191,21,-16
530175700,22.5797489796,113.9264646334,4,12,276.041534,275.930543,-13,-2
530175800,22.5797489952,113.9264646280,4,12,276.252014,276.216769,-1,-3
530175900,22.5797489782,113.9264646290,4,12,276.449554,276.231003,13,-6
530176000,22.5797489760,113.9264646220,4,12,276.587311,276.105344,-16,-1
530176100,22.5797489828,113.9264646088,4,12,276.685760,276.219292,-4,-6
530176200,22.5797490090,113.9264646632,4,12,276.787262,276.427679,8,-14
530176300,22.5797490161,113.9264646523,4,12,276.878571,276.320763,13,17
530176400,22.5797490081,113.9264646480,4,12,276.911346,276.208678,7,-13
530176500,22.5797489979,113.9264646631,4,12,276.900757,276.159636,-5,-5
530176600,22.5797489982,113.9264646509,4,12,276.865479,276.243215,-8,13
530176700,22.5797490027,113.9264646429,4,12,276.841949,276.037439,-1,-15
530176800,22.5797489965,113.9264646455,4,12,276.750244,275.812468,7,-10
530176900,22.5797489911,113.9264646551,4,12,276.628418,275.754376,-6,5
530177000,22.5797490055,113.9264646559,4,12,276.504974,275.628640,-3,6
530177100,22.5797490064,113.9264646559,4,12,276.374634,275.812468,18,-2
530177200,22.5797490052,113.9264646284,4,12,276.305786,275.937887,0,0
530177300,22.5797489997,113.9264646459,4,12,276.258820,275.979577,-1,-25
530177400,22.5797490095,113.9264646433,4,12,276.263519,276.408277,-5,14
530177500,22.5797489970,113.9264646481,4,12,276.332611,276.571522,12,-3
530177600,22.5797489977,113.9264646552,4,12,276.437561,276.756309,-16,4
530177700,22.5797489983,113.9264646393,4,12,276.568268,276.914572,2,8
530177800,22.5797489963,113.9264646399,4,12,276.662109,277.007662,3,-19
530177900,22.5797489898,113.9264646575,4,12,276.784943,276.912340,6,-2
530178000,22.5797490044,113.9264646517,4,12,276.869446,276.942789,-9,18
530178100,22.5797490054,113.9264646329,4,12,276.927734,276.846747,17,-7
530178200,22.5797490047,113.9264646894,4,12,276.986542,276.925368,0,-20
530178300,22.5797489946,113.9264646851,4,12,277.024719,276.925368,14,4
530178400,22.5797490020,113.9264646885,4,12,277.049774,276.877199,-8,-7
530178500,22.5797489936,113.9264646928,4,12,277.008240,276.520551,14,1
530178600,22.5797490089,113.9264646725,4,12,276.990845,276.849336,-10,5
530178700,22.5797490122,113.9264646896,4,12,276.992645,276.762291,19,-25
530178800,22.5797490074,113.9264646881,4,12,276.952911,276.529125,4,17
530178900,22.5797489947,113.9264647004,4,12,276.905304,276.658301,-3,-5
530179000,22.5797489871,113.9264646919,4,12,276.864929,276.562572,-9,11
530179100,22.5797490266,113.9264646944,4,12,276.820038,276.702646,-9,-11
530179200,22.5797490106,113.9264646903,4,12,276.776581,276.394416,44,3
530179300,22.5797490041,113.9264646956,4,12,276.712677,276.374902,-16,-4
530179400,22.5797490271,113.9264646963,4,12,276.630951,276.326199,-5,2
530179500,22.5797490128,113.9264647004,4,12,276.560638,276.320834,26,-1
530179600,22.5797490093,113.9264647134,4,12,276.496338,276.291809,-11,4
530179700,22.5797490264,113.9264646969,4,12,276.426483,276.213978,-4,11
530179800,22.5797490288,113.9264646540,4,12,276.348816,276.262930,21,-17
530179900,22.5797490430,113.9264645630,4,12,276.305847,275.867517,-1,-47
530180000,22.5797490745,113.9264643771,4,12,276.146271,275.324388,22,-96
530180100,22.5797491233,113.9264641076,4,12,275.826172,274.617304,39,-195
530180200,22.5797491164,113.9264636502,4,12,275.664520,273.909825,48,-282
530180300,22.5797491012,113.9264632243,4,12,274.801361,272.546293,27,-444
530180400,22.5797490253,113.9264628399,4,12,273.936951,271.703501,0,-449
530180500,22.5797490034,113.9264622759,4,12,273.275024,271.010886,-137,-457
530180600,22.5797490800,113.9264616520,4,12,272.424133,270.400870,-4,-540
530180700,22.5797492593,113.9264610613,4,12,271.650635,270.056023,81,-636
530180800,22.5797492819,113.9264603830,4,12,270.952728,269.878142,113,-624
530180900,22.5797491831,113.9264596191,4,12,270.537079,270.353474,10,-716
530181000,22.5797491259,113.9264587783,4,12,270.054565,270.745182,-110,-785
530181100,22.5797491821,113.9264578595,4,12,269.919342,272.669794,-71,-866
530181200,22.5797491813,113.9264569351,4,12,270.302277,273.764101,125,-871
530181300,22.5797491706,113.9264558524,4,11,270.838806,274.407393,-7,-955
530181400,22.5797491055,113.9264549165,4,11,271.534607,275.234803,-11,-1091
530181500,22.5797490203,113.9264538018,4,11,271.568420,275.319364,-135,-1022
530181600,22.5797491343,113.9264527681,4,11,272.854034,275.826325,105,-1093
530181700,22.5797491929,113.9264516919,4,11,273.191162,276.038391,-46,-1090
530181800,22.5797492004,113.9264505067,4,11,274.080261,276.114397,45,-1127
530181900,22.5797491772,113.9264492507,4,11,274.582611,275.944948,200,-1170
530182000,22.5797492811,113.9264480329,4,11,274.927979,275.407133,-20,-1282
530182100,22.5797491739,113.9264468218,4,11,275.090179,275.247384,73,-1272
530182200,22.5797492228,113.9264455553,4,12,275.055603,274.584039,-75,-1241
530182300,22.5797490833,113.9264441908,4,11,274.916443,272.441938,64,-1325
530182400,22.5797489840,113.9264427564,4,12,274.312897,271.805967,-160,-1387
530182500,22.5797488809,113.9264413152,4,11,273.904938,271.749119,-100,-1454
530182600,22.5797489065,113.9264399032,4,11,273.683685,271.937393,-126,-1519
530182700,22.5797489922,113.9264384369,4,12,272.886597,271.894325,-26,-1511
530182800,22.5797489764,113.9264369484,4,11,272.570374,272.979015,77,-1543
530182900,22.5797488293,113.9264353823,4,11,272.655670,273.949381,-23,-1533
530183000,22.5797487145,113.9264337367,4,12,272.797607,273.749889,-141,-1590
530183100,22.5797488910,113.9264322519,4,12,272.854858,272.628150,-145,-1704
530183200,22.5797488334,113.9264307036,4,11,272.656250,271.293385,197,-1546
530183300,22.5797486137,113.9264290116,4,11,272.355286,271.037683,-53,-1588
530183400,22.5797486331,113.9264273447,4,11,272.029297,271.851757,-232,-1727
530183500,22.5797484390,113.9264257216,4,11,271.862000,271.376064,-4,-1686
530183600,22.5797483500,113.9264240052,4,12,271.720001,271.209678,-310,-1619
530183700,22.5797484623,113.9264222935,4,12,271.647339,271.568409,140,-1723
530183800,22.5797480490,113.9264205409,4,12,271.686005,271.734591,135,-1810
530183900,22.5797481403,113.9264188044,4,12,271.962311,273.311939,-471,-1777
530184300,22.5797476978,113.9264118665,4,12,272.243622,273.569675,96,-1815
530184400,22.5797476525,113.9264100775,4,12,272.803680,273.604996,11,-1732
530184500,22.5797474337,113.9264084004,4,12,273.277710,274.086746,-64,-1845
530184600,22.5797474071,113.9264067074,4,12,273.716034,274.272200,-170,-1723
530184700,22.5797474709,113.9264049639,4,12,274.121765,274.692822,-43,-1750
530184800,22.5797472794,113.9264032611,4,12,274.522644,274.920486,56,-1791
530184900,22.5797474201,113.9264015292,4,12,274.883270,274.291583,-183,-1773
530185000,22.5797474357,113.9263998643,4,12,274.947937,273.308337,40,-1751
530185100,22.5797475220,113.9263981678,4,12,275.016266,273.014483,35,-1702
530185200,22.5797472482,113.9263964057,4,12,275.203644,273.563252,135,-1785
530185300,22.5797474167,113.9263946253,4,12,274.681641,273.120643,-195,-1747
530185400,22.5797474157,113.9263928380,4,12,274.494904,272.544488,51,-1840
530185500,22.5797473716,113.9263910882,4,12,274.344116,273.114740,-25,-1874
530185600,22.5797474392,113.9263892465,4,12,274.352844,274.596027,-79,-1804
530185700,22.5797475414,113.9263874693,4,12,274.554871,274.853282,102,-1896
530185800,22.5797472872,113.9263855905,4,12,274.764008,273.947140,-67,-1823
530185900,22.5797471523,113.9263836288,4,12,274.515228,273.396388,-102,-1900
530186300,22.5797476887,113.9263762279,4,12,274.600739,274.745035,-36,-1991
530186400,22.5797476285,113.9263742261,4,12,274.499786,274.510506,171,-1937
530186500,22.5797476442,113.9263723206,4,12,274.471893,274.346143,8,-2037
530186600,22.5797476219,113.9263705273,4,11,274.364777,274.065058,9,-1954
530186700,22.5797477549,113.9263686717,4,12,274.296997,274.599479,-12,-1845
530186800,22.5797478861,113.9263668223,4,12,274.295807,275.836615,156,-1942
530186900,22.5797479089,113.9263648848,4,12,274.697144,275.818014,85,-1915
530187000,22.5797479928,113.9263629741,4,11,274.802795,275.605496,51,-1976
530187100,22.5797479375,113.9263611364,4,12,275.018188,275.830329,45,-1968
530187200,22.5797480124,113.9263592681,4,12,275.313873,276.974977,-19,-1937
530187300,22.5797479792,113.9263573106,4,12,275.710663,277.186224,120,-1876
530187400,22.5797479955,113.9263555577,4,12,275.987244,276.238804,-48,-1999
530187900,22.5797480025,113.9263463460,4,12,275.880585,275.556920,2,-1805
530188000,22.5797479504,113.9263444634,4,12,275.865021,275.638714,57,-1862
530188100,22.5797479309,113.9263426200,4,12,275.765930,274.791568,-105,-1936
530188200,22.5797480257,113.9263407830,4,12,275.424896,273.873525,-25,-1878
530188300,22.5797479621,113.9263389278,4,12,275.183563,273.355094,74,-1898
530188400,22.5797481031,113.9263370413,4,11,274.606079,274.887635,-68,-1932
530188500,22.5797481725,113.9263352655,4,11,274.551086,274.449646,-116,-1974
530188600,22.5797481717,113.9263334646,4,11,274.380920,273.752028,42,-1843
530188700,22.5797480819,113.9263316083,4,11,274.109650,273.625947,-29,-1876
530188800,22.5797481826,113.9263298190,4,11,274.074219,275.170750,-148,-1915
530188900,22.5797483527,113.9263280278,4,11,274.231079,275.605221,179,-1866
530189000,22.5797482489,113.9263261341,4,11,274.361969,274.553821,151,-1792
530189100,22.5797482931,113.9263244018,4,11,274.295715,273.208675,-97,-1962
530189500,22.5797482008,113.9263171592,4,12,273.766937,273.005936,-5,-1789
530189600,22.5797481274,113.9263152927,4,11,273.550934,273.507955,186,-1824
530189700,22.5797481900,113.9263135773,4,12,273.397980,272.825297,-52,-1934
530189800,22.5797481547,113.9263117677,4,12,273.121429,272.350261,6,-1756
530189900,22.5797481407,113.9263100044,4,12,272.798950,271.568134,45,-1842
530190000,22.5797480219,113.9263081248,4,12,272.473755,272.105801,15,-1851
530190100,22.5797479404,113.9263064202,4,12,272.399902,273.385337,-182,-1893
530190200,22.5797479436,113.9263046676,4,12,272.454437,272.788054,-20,-1779
530190300,22.5797479511,113.9263028033,4,12,272.428314,272.718161,-175,-1884
530190400,22.5797481271,113.9263010456,4,12,272.417511,272.986812,47,-1875
530190500,22.5797480944,113.9262992734,4,12,272.587189,273.632168,21,-1822
530190600,22.5797479346,113.9262975042,4,12,272.683014,273.156839,-20,-1875
530190700,22.5797478584,113.9262955996,4,12,272.589325,272.254881,-146,-1825
530190800,22.5797479313,113.9262936783,4,11,272.278931,271.731855,-128,-1908
530190900,22.5797479269,113.9262917423,4,11,272.212708,271.584864,-21,-2012
530191000,22.5797478827,113.9262898888,4,11,271.849670,271.112845,2,-1943
530191100,22.5797478628,113.9262879458,4,11,271.670563,271.161052,-82,-1927
530191200,22.5797477146,113.9262859165,4,11,271.419220,271.486544,108,-2101
530191300,22.5797475918,113.9262839805,4,11,271.490509,272.374330,-227,-2037
530191400,22.5797474653,113.9262820683,4,11,271.555817,272.143947,-121,-2011
530191500,22.5797474242,113.9262800267,4,11,271.562378,271.311038,-172,-1978
530191800,22.5797473078,113.9262740107,4,11,271.562378,271.311038,-82,-2072
530191900,22.5797470532,113.9262719522,4,11,271.534302,271.478748,-292,-1933
530192000,22.5797470749,113.9262699017,4,11,271.568756,271.855119,-136,-2158
530192100,22.5797469534,113.9262678285,4,11,271.567230,271.376630,74,-2152
530192200,22.5797470388,113.9262656425,4,11,271.457001,270.693709,-142,-2111
530192300,22.5797470187,113.9262635410,4,11,271.335358,270.984952,2,-2216
530192400,22.5797467652,113.9262613834,4,11,271.400879,272.299307,-167,-2217
530192500,22.5797467725,113.9262592789,4,11,271.490570,272.801491,-126,-2143
530192600,22.5797467442,113.9262571845,4,11,272.025299,273.020340,-2,-2183
530192700,22.5797467318,113.9262551034,4,11,272.329620,273.422679,-68,-2195
530192800,22.5797465669,113.9262530026,4,11,272.723328,273.829745,-23,-2149
530192900,22.5797466518,113.9262509413,4,11,273.019745,273.287564,-319,-2156
530193000,22.5797465208,113.9262488284,4,11,273.167084,272.786936,78,-2123
530193100,22.5797464312,113.9262466127,4,11,273.193298,273.208701,-85,-2182
530193200,22.5797463340,113.9262444977,4,11,273.348450,273.532687,364,-2188
530193300,22.5797463266,113.9262423476,4,11,273.368378,272.930562,-169,-2171
530193400,22.5797461563,113.9262400590,4,11,273.401794,273.453990,-26,-2221
530193500,22.5797461970,113.9262378912,4,11,273.540314,273.945382,-195,-2358
530193600,22.5797460654,113.9262357513,4,11,273.741058,274.119276,54,-2235
530193700,22.5797463212,113.9262337126,4,11,273.814240,272.863549,-151,-2204
530193800,22.5797459284,113.9262314467,4,11,273.703918,273.173990,312,-2109
530193900,22.5797457920,113.9262292854,4,11,273.699341,273.230616,-432,-2330
530194000,22.5797457528,113.9262271314,4,11,273.715912,273.141030,-202,-2210
530194100,22.5797457749,113.9262248736,4,11,273.656830,273.072247,5,-2273
530194200,22.5797457638,113.9262227254,4,11,273.618042,273.061320,7,-2273
530194300,22.5797455099,113.9262205043,4,11,273.577271,273.218997,-69,-2253
530194400,22.5797454644,113.9262182146,4,11,273.643677,273.218997,-154,-2247
530194500,22.5797453514,113.9262159161,4,11,273.610168,273.621185,-31,-2353
530194600,22.5797454434,113.9262137566,4,11,273.675568,273.230616,-21,-2351
530194700,22.5797454774,113.9262115765,4,11,273.633392,273.285983,38,-2269
530194800,22.5797452749,113.9262093542,4,11,273.652985,273.498005,-4,-2267
530194900,22.5797453028,113.9262071556,4,11,273.719330,273.619140,-136,-2252
530195000,22.5797452181,113.9262048520,4,11,273.727997,273.217510,58,-2261
530195100,22.5797452756,113.9262026475,4,11,273.654205,272.971146,-119,-2381
530195500,22.5797453870,113.9261937769,4,12,273.571838,273.572806,12,-2279
530195600,22.5797454494,113.9261915462,4,11,273.381927,272.425292,-64,-2266
530195700,22.5797451100,113.9261892095,4,12,273.027985,271.790795,91,-2275
530195800,22.5797451805,113.9261871045,4,11,272.776978,273.317930,-100,-2334
530195900,22.5797452469,113.9261848991,4,12,272.852234,273.703190,-179,-2263
530196000,22.5797451896,113.9261825815,4,12,272.993713,273.449675,108,-2245
530196100,22.5797451688,113.9261804373,4,11,273.054443,273.630802,16,-2370
530196200,22.5797451563,113.9261782226,4,11,273.194885,274.098706,-107,-2228
530196300,22.5797449407,113.9261758986,4,11,273.375824,274.158671,87,-2295
530196400,22.5797448957,113.9261736215,4,11,273.472015,273.583980,-82,-2355
530196500,22.5797448996,113.9261714934,4,11,273.470123,273.330811,22,-2310
530196600,22.5797450386,113.9261691422,4,11,273.479584,272.930562,-56,-2218
530196700,22.5797449153,113.9261669572,4,11,273.232269,272.843421,131,-2442
530196800,22.5797448194,113.9261646779,4,11,273.194092,273.220487,-89,-2218
530196900,22.5797448472,113.9261624865,4,11,273.239624,273.611568,-70,-2334
530197000,22.5797449152,113.9261602809,4,11,273.316406,273.897350,-50,-2292
530197100,22.5797449214,113.9261580146,4,11,273.388000,273.675760,6,-2239
530197200,22.5797449441,113.9261558139,4,11,273.530914,274.319468,107,-2344
530197300,22.5797449237,113.9261535104,4,11,273.825104,274.386148,10,-2273
530197400,22.5797449085,113.9261511355,4,12,273.982056,274.598903,-81,-2372
530197500,22.5797448191,113.9261488021,4,11,274.215729,274.465500,-5,-2440
530197600,22.5797446961,113.9261465812,4,11,274.305786,274.532214,-22,-2399
530197700,22.5797447511,113.9261442897,4,11,274.426758,274.243231,-141,-2275
530197800,22.5797448165,113.9261419986,4,11,274.401276,274.002894,24,-2365
530197900,22.5797449111,113.9261397994,4,11,274.427521,274.360191,2,-2367
530198000,22.5797447577,113.9261374636,4,11,274.432648,274.188836,96,-2267
530198100,22.5797447193,113.9261351053,4,12,274.444702,274.188836,-106,-2387
530198200,22.5797447614,113.9261327861,4,11,274.488495,274.532214,-63,-2459
530198300,22.5797446932,113.9261304009,4,11,274.539154,274.545032,120,-2382
530198400,22.5797447097,113.9261281453,4,11,274.587738,274.598903,9,-2407
530198500,22.5797446646,113.9261257116,4,11,274.683777,275.044405,-24,-2358
530198600,22.5797445815,113.9261234829,4,11,274.818390,275.083975,-18,-2507
530198700,22.5797446339,113.9261210435,4,11,274.916260,275.240081,-130,-2287
530198800,22.5797447551,113.9261187619,4,11,275.016937,275.147855,89,-2498
530198900,22.5797448706,113.9261163387,4,12,275.075500,275.214661,131,-2360
530199000,22.5797447781,113.9261139983,4,11,275.159241,275.501300,135,-2495
530199100,22.5797447528,113.9261117131,4,12,275.270447,275.150441,-127,-2420
530199200,22.5797447289,113.9261093326,4,12,275.265472,274.964319,-13,-2341
530199300,22.5797447505,113.9261069989,4,11,275.234131,275.071473,-20,-2455
530199400,22.5797448528,113.9261046463,4,12,275.292175,275.373037,20,-2376
530199500,22.5797449338,113.9261023329,4,11,275.312042,275.320408,104,-2426
530199600,22.5797447649,113.9260999343,4,11,275.358734,275.228434,80,-2376
530199700,22.5797447082,113.9260975977,4,11,275.356903,275.283895,-166,-2469
530199800,22.5797448276,113.9260952241,4,12,275.429382,275.281438,-31,-2424
530199900,22.5797447277,113.9260927976,4,11,275.402161,275.228434,95,-2431
530200000,22.5797447255,113.9260904030,4,11,275.366241,274.782080,-109,-2478
530200100,22.5797448216,113.9260880286,4,11,275.241669,274.950960,20,-2476
530200200,22.5797446870,113.9260857473,4,11,275.178925,274.808324,103,-2454
530200300,22.5797447032,113.9260834087,4,11,275.087372,275.070481,-101,-2429
530200400,22.5797447560,113.9260810595,4,12,275.059174,274.888164,3,-2402
530200500,22.5797448347,113.9260786011,4,12,274.992676,274.847953,72,-2428
530200600,22.5797447265,113.9260762792,4,12,274.994293,274.897488,101,-2513
530200700,22.5797446777,113.9260738982,4,12,274.939240,274.382427,-113,-2405
530200800,22.5797446305,113.9260715033,4,12,274.767456,274.407848,-47,-2456
530200900,22.5797447882,113.9260690752,4,12,274.718719,274.273191,-62,-2470
530201000,22.5797447382,113.9260667250,4,12,274.540924,274.153402,-20,-2487
530201100,22.5797446925,113.9260643378,4,12,274.429230,274.123317,-44,-2413
530201200,22.5797447199,113.9260618941,4,12,274.316284,274.110995,-13,-2477
530201300,22.5797446144,113.9260594543,4,12,274.265259,274.220327,-23,-2517
530201400,22.5797446365,113.9260570356,4,12,274.192810,274.153402,-106,-2503
530201500,22.5797447026,113.9260547288,4,12,274.142609,274.430236,12,-2488
530201600,22.5797447551,113.9260522812,4,12,274.158600,274.497610,99,-2375
530201700,22.5797447502,113.9260498433,4,12,274.159332,274.273191,29,-2515
530201800,22.5797446379,113.9260474583,4,12,274.155518,274.256014,0,-2522
530201900,22.5797445798,113.9260450077,4,12,274.122040,273.679901,-108,-2436
530202000,22.5797446869,113.9260426007,4,12,273.981506,273.679901,-52,-2531
530202100,22.5797447173,113.9260401484,4,12,273.817169,273.365313,72,-2478
530202200,22.5797446611,113.9260377592,4,12,273.764191,274.003568,91,-2521
530202300,22.5797445576,113.9260353649,4,12,273.755646,273.588724,-152,-2463
530202400,22.5797445010,113.9260329879,4,12,273.769867,274.015800,-70,-2447
530202500,22.5797444758,113.9260305908,4,12,273.830811,274.260639,-59,-2465
530202600,22.5797446259,113.9260281560,4,12,273.875763,274.116438,24,-2433
530202700,22.5797446365,113.9260257327,4,12,273.886902,274.368999,103,-2522
530202800,22.5797445257,113.9260233258,4,12,273.992645,274.420609,-4,-2489
530202900,22.5797444459,113.9260209078,4,12,274.025452,274.221200,-119,-2482
530203000,22.5797444710,113.9260184633,4,12,274.144958,274.459101,-127,-2487
530203100,22.5797445229,113.9260160935,4,12,274.256195,274.468765,31,-2514
530203200,22.5797445955,113.9260136828,4,12,274.320953,274.375557,88,-2438
530203300,22.5797445207,113.9260112056,4,12,274.309113,274.185424,18,-2480
530203400,22.5797444345,113.9260087756,4,12,274.349426,274.465539,-82,-2539
530203500,22.5797444215,113.9260063195,4,12,274.457886,274.388921,22,-2501
530203600,22.5797444519,113.9260039215,4,12,274.441498,274.295411,-49,-2526
530203700,22.5797444289,113.9260015192,4,12,274.441895,274.350150,2,-2467
530203800,22.5797445238,113.9259990664,4,12,274.459564,274.417462,9,-2483
530203900,22.5797444768,113.9259966335,4,12,274.416107,274.003568,49,-2511
530204000,22.5797444341,113.9259941768,4,12,274.313934,273.953673,-48,-2503
530204100,22.5797444366,113.9259917528,4,12,274.224731,273.936099,-54,-2507
530204200,22.5797443331,113.9259891557,4,12,274.150909,273.679901,75,-2501
530204300,22.5797443100,113.9259866281,4,12,274.007629,273.844593,-42,-2622
530204400,22.5797443641,113.9259841506,4,12,273.946411,273.342094,-45,-2603
530204500,22.5797444422,113.9259816656,4,12,273.725128,273.097180,41,-2547
530204600,22.5797443350,113.9259791605,4,12,273.550018,273.219853,93,-2551
530204700,22.5797443103,113.9259767187,4,12,273.485443,273.143670,-121,-2585
530204800,22.5797442304,113.9259741990,4,12,273.343628,273.109666,-49,-2514
530204900,22.5797442177,113.9259716936,4,12,273.300842,273.553698,-102,-2597
530205000,22.5797441850,113.9259691095,4,12,273.252747,273.254205,-8,-2566
530205100,22.5797442641,113.9259665698,4,12,273.172729,272.821457,-28,-2662
530205200,22.5797442902,113.9259640404,4,12,273.065338,273.595469,72,-2621
530205300,22.5797442138,113.9259614962,4,12,273.197083,274.205434,30,-2596
530205400,22.5797441463,113.9259588781,4,12,273.376038,273.871160,-83,-2621
530205500,22.5797441727,113.9259563929,4,12,273.584229,274.376271,-113,-2682
530205600,22.5797441589,113.9259537697,4,12,273.777374,274.138352,63,-2563
530205700,22.5797441648,113.9259511616,4,12,273.814789,273.940424,-27,-2712
530205800,22.5797441220,113.9259485848,4,12,273.841797,274.410768,6,-2683
530205900,22.5797441313,113.9259460026,4,12,274.166321,274.160481,-47,-2634
530206000,22.5797440167,113.9259433760,4,12,274.201996,274.127387,1,-2676
530206100,22.5797440165,113.9259407189,4,12,274.282440,274.285776,-132,-2701
530206200,22.5797440685,113.9259379894,4,12,274.281616,273.988223,5,-2710
530206300,22.5797439554,113.9259353532,4,12,274.112122,273.678877,65,-2820
530206400,22.5797438970,113.9259327143,4,12,274.131317,274.834708,-134,-2710
530206500,22.5797438725,113.9259300532,4,12,274.292267,274.298800,-63,-2705
530206600,22.5797439291,113.9259274629,4,12,274.333405,274.226052,-26,-2732
530206700,22.5797438708,113.9259248126,4,12,274.501892,273.845370,56,-2683
530206800,22.5797438014,113.9259221420,4,12,274.336914,272.892452,-71,-2730
530206900,22.5797437103,113.9259194815,4,12,274.067413,273.143800,-89,-2762
530207000,22.5797436718,113.9259167910,4,12,274.042542,273.730785,-97,-2727
530207100,22.5797436520,113.9259140164,4,12,273.793976,273.142413,-23,-2768
530207200,22.5797436720,113.9259112877,4,12,273.688049,273.752028,-26,-2856
530207300,22.5797436925,113.9259085928,4,12,273.658813,273.131455,-7,-2812
530207400,22.5797437063,113.9259059931,4,12,273.461456,272.856584,30,-2759
530207500,22.5797436453,113.9259032856,4,12,273.440796,274.605058,16,-2672
530207600,22.5797435848,113.9259005671,4,12,273.631409,274.004105,-81,-2789
530207700,22.5797436253,113.9258978153,4,12,273.761719,274.379345,-49,-2809
530207800,22.5797437775,113.9258950803,4,12,273.915375,274.354103,33,-2828
530207900,22.5797437483,113.9258923953,4,12,273.891724,273.363651,185,-2796
530208000,22.5797436240,113.9258897520,4,12,273.801819,274.095686,-47,-2768
530208100,22.5797435753,113.9258869861,4,12,273.901733,274.710671,-128,-2728
530208200,22.5797434674,113.9258842882,4,12,273.960632,273.930863,-46,-2838
530208300,22.5797435240,113.9258815227,4,12,274.240662,274.910781,-132,-2779
530208400,22.5797435162,113.9258787697,4,12,274.415771,274.539092,82,-2852
530208500,22.5797434839,113.9258760096,4,12,274.504425,274.175757,-23,-2831
530208600,22.5797435019,113.9258732387,4,12,274.663696,274.805006,-32,-2829
530208700,22.5797435319,113.9258704725,4,12,274.808960,275.418286,88,-2825
530208800,22.5797434575,113.9258677647,4,12,275.103058,275.716255,34,-2843
530208900,22.5797435993,113.9258650077,4,12,275.422302,275.302260,-100,-2794
530209000,22.5797437134,113.9258622744,4,12,275.480957,274.620048,161,-2831
530209100,22.5797438373,113.9258595212,4,12,275.387726,274.131541,140,-2823
530209200,22.5797438831,113.9258566640,4,12,275.471527,275.497401,125,-2830
530209300,22.5797439038,113.9258539243,4,12,275.629028,275.044405,61,-2942
530209400,22.5797440426,113.9258510887,4,12,275.737457,276.055643,16,-2816
530209500,22.5797441926,113.9258483779,4,12,275.925629,275.790159,169,-2916
530209600,22.5797442431,113.9258456368,4,12,275.989746,275.653052,176,-2798
530209700,22.5797443501,113.9258428797,4,12,276.042419,276.952222,36,-2820
530209800,22.5797445144,113.9258401108,4,12,276.318298,276.793327,121,-2826
530209900,22.5797446368,113.9258373340,4,12,276.512299,276.933895,188,-2857
530210000,22.5797448200,113.9258346308,4,12,276.808594,276.774575,124,-2842
530210100,22.5797449701,113.9258318646,4,12,276.898071,276.190365,203,-2786
530210200,22.5797451064,113.9258291298,4,12,276.859985,276.720213,185,-2850
530210300,22.5797451459,113.9258264110,4,12,277.127502,278.151655,142,-2813
530210400,22.5797453006,113.9258236088,4,12,277.435822,278.713454,42,-2797
530210500,22.5797454673,113.9258209290,4,12,277.869598,278.989293,157,-2874
530210600,22.5797456767,113.9258182409,4,12,278.219055,278.577868,192,-2746
530210700,22.5797458229,113.9258155280,4,12,278.370728,278.178791,250,-2772
530210800,22.5797459172,113.9258127628,4,12,278.590637,279.503382,140,-2788
530210900,22.5797460397,113.9258100134,4,12,278.893311,278.689327,113,-2847
530211000,22.5797462904,113.9258073585,4,12,278.980896,279.159079,179,-2823
530211100,22.5797464622,113.9258047553,4,12,279.135620,279.139037,265,-2739
530211200,22.5797465962,113.9258021235,4,12,279.105530,278.332947,205,-2673
530211300,22.5797468402,113.9257994753,4,12,279.050537,279.036243,158,-2714
530211400,22.5797470093,113.9257968638,4,12,279.092377,279.670196,256,-2711
530211500,22.5797472652,113.9257941745,4,12,279.240723,278.989489,206,-2696
530211600,22.5797475236,113.9257915545,4,12,279.370148,279.615205,287,-2763
530211700,22.5797476518,113.9257889744,4,12,279.452545,279.306670,286,-2703
530211800,22.5797478269,113.9257863881,4,12,279.471985,279.054940,138,-2652
530211900,22.5797479329,113.9257837802,4,12,279.481506,279.526100,219,-2664
530212000,22.5797479922,113.9257812143,4,12,279.615509,279.525919,100,-2684
530212100,22.5797481769,113.9257785922,4,12,279.658905,280.029739,58,-2647
530212200,22.5797483383,113.9257759938,4,12,279.851562,280.259339,210,-2688
530212300,22.5797485476,113.9257734952,4,12,279.910461,279.641466,197,-2679
530212400,22.5797487699,113.9257708975,4,12,279.784668,279.375129,215,-2569
530212500,22.5797490130,113.9257683368,4,12,279.734039,280.134015,252,-2682
530212600,22.5797490542,113.9257657920,4,12,279.830261,279.585737,258,-2620
530212700,22.5797491986,113.9257633204,4,12,279.837006,279.640527,64,-2614
530212800,22.5797494427,113.9257606995,4,12,279.908600,279.438657,134,-2551
530212900,22.5797498367,113.9257582183,4,12,279.814178,279.036243,273,-2686
530213000,22.5797500378,113.9257557457,4,12,279.658997,279.017334,278,-2620
530213100,22.5797501174,113.9257531944,4,12,279.605927,279.781681,209,-2534
530213200,22.5797503399,113.9257506082,4,12,279.657349,279.433173,97,-2640
530213300,22.5797505695,113.9257481332,4,12,279.602234,279.938909,226,-2656
530213400,22.5797506783,113.9257455765,4,12,279.606232,279.167419,279,-2543
530213500,22.5797508855,113.9257430385,4,12,279.466919,278.905463,98,-2628
530213600,22.5797509751,113.9257405662,4,12,279.329102,279.650804,231,-2607
530213700,22.5797512791,113.9257380792,4,12,279.317200,279.494693,111,-2558
530213800,22.5797515003,113.9257355734,4,12,279.295837,279.073895,321,-2548
530213900,22.5797516301,113.9257330063,4,12,279.276581,279.168894,243,-2584
530214000,22.5797517992,113.9257304616,4,12,279.125610,278.274383,243,-2638
530214100,22.5797519970,113.9257279535,4,12,278.861572,277.610107,175,-2621
530214200,22.5797521896,113.9257254043,4,12,278.640320,277.578856,212,-2568
530214300,22.5797522736,113.9257227588,4,12,278.604614,277.410068,197,-2631
530214400,22.5797524592,113.9257201478,4,12,278.586304,276.537717,140,-2684
530214500,22.5797526413,113.9257174616,4,12,278.575317,276.654316,204,-2669
530214600,22.5797528286,113.9257148536,4,12,277.099945,276.153855,224,-2757
530214700,22.5797530572,113.9257122043,4,12,276.654022,275.495029,198,-2694
530214800,22.5797532544,113.9257095705,4,12,276.474335,275.928557,258,-2715
530214900,22.5797533742,113.9257068356,4,12,276.456329,276.480805,205,-2696
530215000,22.5797534946,113.9257041192,4,12,276.179413,277.059181,197,-2769
530215100,22.5797536605,113.9257014557,4,12,276.273590,277.729882,130,-2811
530215200,22.5797538582,113.9256987552,4,12,276.395569,276.885654,169,-2730
530215300,22.5797539895,113.9256960439,4,12,276.303467,277.000717,225,-2761
530215400,22.5797541185,113.9256933204,4,12,276.357758,277.776785,157,-2823
530215500,22.5797542823,113.9256905958,4,12,276.589142,277.277879,130,-2805
530215600,22.5797545532,113.9256877664,4,12,276.766418,277.950468,215,-2799
530215700,22.5797547560,113.9256850963,4,12,277.001953,277.718249,262,-2905
530215800,22.5797549383,113.9256823633,4,12,277.100861,277.360534,226,-2730
530215900,22.5797551626,113.9256796042,4,12,277.192841,277.657273,207,-2812
530216000,22.5797553565,113.9256769255,4,12,277.208496,278.607623,208,-2839
530216100,22.5797556112,113.9256741741,4,12,277.611877,278.268828,213,-2775
530216200,22.5797557128,113.9256713566,4,12,277.822327,278.449440,282,-2828
530216300,22.5797558352,113.9256686085,4,12,277.989563,278.001881,142,-2905
530216400,22.5797560378,113.9256658561,4,12,278.103607,278.017421,144,-2829
530216500,22.5797563294,113.9256630845,4,12,278.013763,278.550421,218,-2825
530216600,22.5797564556,113.9256603144,4,11,278.246338,278.041038,311,-2861
530216700,22.5797566137,113.9256575868,4,12,278.438293,278.733319,144,-2845
530216800,22.5797568264,113.9256547228,4,12,278.705963,278.914133,183,-2810
530216900,22.5797571240,113.9256519820,4,12,278.777008,277.929582,222,-2926
530217000,22.5797573615,113.9256492904,4,12,278.821411,279.594217,342,-2769
530217100,22.5797575688,113.9256465636,4,11,279.178162,279.764125,391,-2783
530217200,22.5797577538,113.9256438842,4,11,279.489777,279.881596,239,-2813
530217300,22.5797580149,113.9256411740,4,12,279.894592,280.277905,209,-2761
530217400,22.5797582578,113.9256385473,4,12,280.164459,279.803447,320,-2742
530217500,22.5797585944,113.9256359045,4,12,280.294281,280.210600,271,-2712
530217600,22.5797588187,113.9256332716,4,12,280.610199,281.244709,371,-2712
530217700,22.5797591760,113.9256306159,4,12,280.800385,280.164986,246,-2716
530217800,22.5797594402,113.9256279501,4,12,280.940094,280.891291,398,-2743
530217900,22.5797598160,113.9256253371,4,12,281.118958,280.733949,297,-2746
530218000,22.5797601248,113.9256226869,4,11,281.184052,280.372562,405,-2692
530218100,22.5797604125,113.9256201180,4,11,281.167358,281.376578,348,-2709
530218200,22.5797606343,113.9256174514,4,12,281.436737,280.855206,331,-2645
530218300,22.5797610055,113.9256148547,4,12,281.627350,281.269449,232,-2740
530218400,22.5797613987,113.9256122637,4,12,281.954834,281.980686,413,-2667
530218500,22.5797617598,113.9256096794,4,12,282.319489,281.691963,434,-2652
530218600,22.5797620996,113.9256071040,4,12,282.530029,281.784108,394,-2681
530218700,22.5797625483,113.9256045187,4,12,282.880371,282.998695,387,-2660
530218800,22.5797629455,113.9256019249,4,12,283.357483,282.897638,494,-2641
530218900,22.5797633466,113.9255993638,4,12,283.882141,283.852717,436,-2660
530219000,22.5797638345,113.9255967684,4,11,284.559326,284.165236,437,-2655
530219100,22.5797643656,113.9255942341,4,11,285.211609,284.228130,552,-2670
530219200,22.5797649549,113.9255917554,4,12,285.856812,284.778658,589,-2593
530219300,22.5797656147,113.9255891778,4,11,286.706024,286.540508,653,-2573
530219400,22.5797662284,113.9255867329,4,12,287.588806,287.089370,741,-2628
530219500,22.5797669031,113.9255842825,4,12,288.538849,288.576779,682,-2513
530219600,22.5797676554,113.9255818654,4,12,289.671478,289.387295,739,-2525
530219700,22.5797685588,113.9255794492,4,12,290.788666,290.419801,838,-2513
530219800,22.5797694918,113.9255771270,4,12,291.923401,291.923625,1000,-2476
530219900,22.5797703754,113.9255748281,4,12,293.253265,292.636033,1031,-2373
530220000,22.5797713033,113.9255725117,4,12,294.496277,293.238062,984,-2378
530220100,22.5797723870,113.9255702974,4,12,295.722961,295.377734,949,-2381
530220200,22.5797735204,113.9255680786,4,12,296.736206,296.229532,1196,-2249
530220300,22.5797748038,113.9255659582,4,12,297.918091,297.370648,1256,-2245
530220400,22.5797760753,113.9255637825,4,12,299.215759,299.062993,1426,-2182
530220500,22.5797772793,113.9255618171,4,12,300.858551,300.963171,1392,-2225
530220600,22.5797786877,113.9255598452,4,12,301.897217,302.340366,1337,-2034
530220700,22.5797801808,113.9255579557,4,12,303.308807,303.720491,1566,-2012
530220800,22.5797816172,113.9255561892,4,12,304.763397,304.658446,1658,-1937
530220900,22.5797830053,113.9255543571,4,12,306.163391,305.998173,1577,-1842
530221000,22.5797844946,113.9255525991,4,11,307.567352,308.618463,1529,-1819
530221100,22.5797861238,113.9255509367,4,12,309.090576,309.883202,1651,-1804
530221200,22.5797876932,113.9255492865,4,12,310.618439,311.364237,1803,-1728
530221300,22.5797893235,113.9255477998,4,11,312.211273,312.738772,1732,-1696
530221400,22.5797909965,113.9255463505,4,11,313.862854,314.833890,1819,-1648
530221500,22.5797927639,113.9255449507,4,11,315.433563,315.913308,1851,-1524
530221600,22.5797945908,113.9255436194,4,11,316.992767,317.321040,1956,-1454
530221700,22.5797963332,113.9255421589,4,10,318.583649,318.826050,2021,-1404
530221800,22.5797982211,113.9255409370,4,10,320.253448,321.511559,1972,-1377
530221900,22.5798000657,113.9255396987,4,10,321.928314,322.918520,2088,-1279
530222000,22.5798020068,113.9255385974,4,10,323.643341,324.053877,2044,-1262
530222100,22.5798039905,113.9255375336,4,10,325.324921,325.590137,2147,-1142
530222200,22.5798059989,113.9255365886,4,10,327.026215,328.171743,2202,-1070
530222300,22.5798080195,113.9255356072,4,10,328.835602,329.582036,2216,-985
530222400,22.5798100643,113.9255346875,4,9,330.395142,330.707399,2236,-991
530222500,22.5798122489,113.9255339449,4,9,332.124969,332.454352,2266,-945
530222600,22.5798142590,113.9255329711,4,10,333.968689,335.860475,2355,-920
530222700,22.5798164312,113.9255322112,4,10,335.871063,336.917986,2283,-832
530222800,22.5798185906,113.9255316614,4,10,337.613678,338.208332,2415,-776
530222900,22.5798207751,113.9255311565,4,9,339.291931,339.910045,2396,-568
530223000,22.5798229445,113.9255306682,4,9,341.065399,342.370088,2418,-526
530223100,22.5798251489,113.9255302676,4,9,342.751434,343.706462,2396,-503
530223200,22.5798273521,113.9255299380,4,9,344.317017,344.921015,2484,-383
530223300,22.5798295256,113.9255297575,4,9,345.878998,346.365629,2441,-338
530223400,22.5798317068,113.9255294691,4,10,347.367828,349.174032,2401,-195
530223500,22.5798339565,113.9255293174,4,9,348.842072,350.458175,2419,-303
530223600,22.5798361879,113.9255291547,4,9,350.218109,351.201705,2490,-143
530223700,22.5798384021,113.9255290927,4,10,351.456665,352.013995,2483,-160
530223800,22.5798405344,113.9255290472,4,10,352.635834,353.984256,2443,-76
530223900,22.5798426829,113.9255290467,4,10,353.708282,355.072561,2359,-52
530224000,22.5798448522,113.9255290293,4,10,354.596832,355.871766,2374,-2
530224100,22.5798469484,113.9255289789,4,10,355.337433,356.743128,2405,-24
530224200,22.5798490084,113.9255289630,4,9,355.845978,357.749099,2326,-44
530224300,22.5798510491,113.9255290141,4,10,356.184998,358.041318,2285,-14
530224400,22.5798530384,113.9255289029,4,10,356.424103,358.402575,2251,45
530224500,22.5798550511,113.9255287889,4,10,356.677399,358.907872,2195,-131
530224600,22.5798570543,113.9255287496,4,10,357.008789,358.821864,2238,-97
530224700,22.5798590469,113.9255285992,4,10,357.192474,358.321958,2219,-36
530224800,22.5798610421,113.9255284452,4,10,357.325439,357.912378,2199,-168
530224900,22.5798631233,113.9255281978,4,10,357.197144,357.932858,2210,-159
530225000,22.5798652043,113.9255280801,4,10,356.739380,357.704158,2293,-255
530225100,22.5798672212,113.9255279025,4,9,357.320709,356.257623,2308,-126
530225200,22.5798693636,113.9255277234,4,9,357.032593,356.260675,2226,-197
530225300,22.5798714644,113.9255275498,4,9,356.901184,356.039602,2377,-185
530225400,22.5798735862,113.9255272888,4,10,356.798950,355.743456,2316,-180
530225500,22.5798757541,113.9255270144,4,10,356.641998,354.551802,2353,-257
530225600,22.5798779683,113.9255268674,4,9,356.384735,354.626073,2400,-301
530225700,22.5798801444,113.9255265434,4,10,356.186768,354.327721,2453,-155
530225800,22.5798824039,113.9255263489,4,10,355.892792,354.031188,2420,-292
530225900,22.5798846467,113.9255260842,4,10,355.587952,353.804955,2497,-208
530226000,22.5798868807,113.9255258480,4,10,355.341675,353.580968,2492,-265
530226100,22.5798890824,113.9255257728,4,10,355.065887,353.878163,2468,-250
530226200,22.5798913309,113.9255255474,4,10,354.963074,353.957866,2418,-123
530226300,22.5798937018,113.9255253683,4,10,354.837433,353.506072,2498,-197
530226400,22.5798959581,113.9255250534,4,10,354.829041,353.807675,2608,-222
530226500,22.5798983062,113.9255248727,4,10,354.878662,353.429621,2505,-304
530226600,22.5799007213,113.9255247378,4,10,354.845215,353.427826,2611,-175
530226700,22.5799030405,113.9255246381,4,10,354.874237,354.329251,2668,-159
530226800,22.5799054394,113.9255245462,4,10,355.009888,354.186955,2565,-110
530226900,22.5799078116,113.9255242993,4,10,355.073975,354.482003,2643,-116
530227000,22.5799101619,113.9255241639,4,10,355.330719,355.591992,2652,-246
530227100,22.5799124968,113.9255241753,4,10,355.577118,355.294625,2605,-137
530227200,22.5799148945,113.9255241631,4,10,355.694672,355.808352,2584,16
530227300,22.5799173242,113.9255240856,4,10,355.939728,356.394497,2650,-17
530227400,22.5799197232,113.9255240337,4,10,356.296234,356.958687,2691,-85
530227500,22.5799221229,113.9255240368,4,10,356.528870,357.350407,2650,-56
530227600,22.5799245237,113.9255240725,4,10,356.807068,357.474148,2658,0
530227700,22.5799269606,113.9255241451,4,10,356.929230,356.963035,2661,23
530227800,22.5799293445,113.9255241598,4,9,356.955963,357.196269,2696,76
530227900,22.5799317426,113.9255241271,4,10,357.033813,358.430172,2636,16
530228000,22.5799341260,113.9255240877,4,10,357.294556,357.917007,2676,-76
530228100,22.5799365500,113.9255242428,4,10,357.431030,358.296068,2640,-37
530228200,22.5799389788,113.9255241297,4,10,357.712860,358.948957,2683,176
530228300,22.5799414363,113.9255241687,4,10,357.916718,358.279519,2692,-135
530228400,22.5799438631,113.9255241232,4,10,358.033295,358.580985,2720,43
530228500,22.5799463510,113.9255241178,4,10,358.169312,359.393713,2682,-39
530228600,22.5799488803,113.9255241995,4,9,358.502747,358.943907,2754,-14
530228700,22.5799514307,113.9255241689,4,10,358.786438,0.276202,2802,86
530228800,22.5799539134,113.9255241375,4,10,359.386383,359.386392,2830,-64
530228900,22.5799564832,113.9255241925,4,10,359.387207,358.734288,2746,-17
530229000,22.5799590595,113.9255241506,4,10,359.351532,359.291539,2838,74
530229100,22.5799616379,113.9255242186,4,10,0.341969,359.080238,2857,-43
530229200,22.5799643071,113.9255241917,4,10,359.175385,359.504734,2858,38
530229300,22.5799670077,113.9255243081,4,9,359.306732,359.397253,2959,-42
530229400,22.5799696484,113.9255242401,4,9,359.313599,358.578708,2990,121
530229500,22.5799722991,113.9255240452,4,9,359.189148,359.154067,2925,-83
530229600,22.5799750067,113.9255239673,4,10,359.230499,359.617639,2941,-222
530229700,22.5799777288,113.9255240884,4,9,359.325470,358.800811,3001,-61
530229800,22.5799804598,113.9255241958,4,9,0.498932,0.477239,3013,120
530229900,22.5799831218,113.9255243439,4,9,359.940979,359.362057,3026,116
530230000,22.5799858126,113.9255246060,4,10,359.819031,359.848219,2942,154
530230100,22.5799885724,113.9255247226,4,10,0.748082,0.746269,3004,-114
530230200,22.5799913839,113.9255247186,4,9,0.656738,0.430649,3056,126
530230300,22.5799942075,113.9255246961,4,9,0.659494,1.081658,3111,-30
530230400,22.5799969474,113.9255247312,4,9,359.701721,359.701734,3137,-35
530230500,22.5799996492,113.9255247359,4,9,359.633881,359.515468,3035,35
530230600,22.5800024197,113.9255247598,4,9,0.499389,0.523353,2995,1
530230700,22.5800051134,113.9255246226,4,9,359.962891,359.478155,3066,43
530230800,22.5800078141,113.9255245019,4,10,0.354401,0.354401,2988,-137
530230900,22.5800105499,113.9255245129,4,10,359.615234,359.619186,2988,-88
530231000,22.5800133494,113.9255245878,4,9,359.472748,358.803541,3024,10
530231100,22.5800161698,113.9255245856,4,10,359.323608,0.056926,3101,36
530231200,22.5800188645,113.9255247546,4,10,-0.036335,359.249237,3119,5
530231300,22.5800216273,113.9255246292,4,9,0.019233,0.019233,2976,182
530231400,22.5800244049,113.9255245854,4,9,359.898132,359.911788,3060,-160
530231500,22.5800272290,113.9255246328,4,10,359.658600,358.631753,3079,-39
530231600,22.5800301484,113.9255247467,4,9,359.570160,359.589655,3123,29
530231700,22.5800329743,113.9255247306,4,9,359.353607,358.914779,3231,112
530231800,22.5800358538,113.9255246260,4,9,359.295776,359.492785,3151,5
530231900,22.5800387318,113.9255244302,4,9,359.396362,359.362057,3184,-86
530232000,22.5800416282,113.9255244688,4,9,359.228668,358.210217,3179,-199
530232100,22.5800444275,113.9255246759,4,9,359.059418,358.923370,3205,5
530232200,22.5800473763,113.9255247307,4,9,359.058624,358.434201,3103,204
530232300,22.5800502882,113.9255247138,4,9,358.911621,358.819152,3261,70
530232400,22.5800531889,113.9255246359,4,10,358.906311,357.370035,3224,-24
530232500,22.5800561473,113.9255246900,4,10,358.589355,357.768358,3211,-82
530232600,22.5800591082,113.9255247826,4,10,358.414581,358.480810,3271,45
530232700,22.5800620165,113.9255248117,4,10,358.301453,357.995575,3275,96
530232800,22.5800649803,113.9255248657,4,10,358.273987,358.614474,3224,17
530232900,22.5800678497,113.9255249177,4,9,358.202972,357.201140,3280,51
530233000,22.5800708067,113.9255248684,4,9,357.937622,357.602128,3205,76
530233100,22.5800738262,113.9255248580,4,9,357.877960,358.385224,3271,-53
530233200,22.5800767515,113.9255248765,4,10,357.897919,358.760951,3344,-20
530233300,22.5800797440,113.9255249436,4,10,358.025391,358.920565,3233,19
530233400,22.5800826978,113.9255249034,4,9,358.012634,357.593473,3308,70
530233500,22.5800856422,113.9255249069,4,9,357.882111,358.213768,3270,-56
530233600,22.5800886304,113.9255248628,4,9,358.071198,358.929600,3256,4
530233700,22.5800916574,113.9255249277,4,9,358.179382,359.467601,3305,-52
530233800,22.5800946445,113.9255249766,4,9,358.363495,359.331740,3350,55
530233900,22.5800976226,113.9255250386,4,9,358.404083,358.228845,3307,52
530234000,22.5801006405,113.9255250957,4,10,358.460114,359.514728,3301,62
530234100,22.5801036195,113.9255250776,4,9,358.666870,359.369841,3338,46
530234200,22.5801066561,113.9255250535,4,9,358.849976,359.531058,3296,-25
530234300,22.5801096956,113.9255251999,4,9,358.949738,359.069522,3361,-43
530234400,22.5801127410,113.9255252169,4,9,358.807556,359.118190,3364,149
530234500,22.5801157318,113.9255251529,4,10,358.880371,359.305379,3369,18
530234600,22.5801187688,113.9255251300,4,9,359.007355,359.244786,3308,-55
530234700,22.5801218471,113.9255251382,4,9,359.135162,359.725706,3362,-59
530234800,22.5801249128,113.9255252130,4,9,359.146851,358.956520,3407,30
530234900,22.5801279751,113.9255252636,4,9,359.167511,359.754894,3393,62
530235000,22.5801311036,113.9255252413,4,10,359.302673,359.634441,3388,50
530235100,22.5801342031,113.9255252039,4,10,359.422699,359.710077,3461,-27
530235200,22.5801373252,113.9255252190,4,9,359.510101,358.446811,3430,-57
530235300,22.5801404076,113.9255252435,4,9,359.295624,358.924028,3454,20
530235400,22.5801435103,113.9255252872,4,10,359.228851,359.109317,3412,15
530235500,22.5801466448,113.9255252471,4,10,359.176880,359.225258,3433,64
530235600,22.5801498545,113.9255252537,4,10,359.257446,358.738012,3476,-51
530235700,22.5801529999,113.9255253159,4,10,359.068726,357.774404,3542,-6
530235800,22.5801560847,113.9255253093,4,10,358.908600,358.590024,3487,64
530235900,22.5801592486,113.9255252181,4,10,358.910400,358.787014,3412,-20
530236000,22.5801624240,113.9255251455,4,10,358.928284,358.729335,3500,-98
530236100,22.5801656349,113.9255251924,4,9,358.845520,358.144222,3516,-76
530236200,22.5801688454,113.9255251728,4,9,358.689850,358.620148,3562,3
530236300,22.5801720497,113.9255251488,4,10,358.766357,359.046888,3554,-9
530236400,22.5801752345,113.9255252405,4,10,358.949280,359.361330,3547,-36
530236500,22.5801784926,113.9255251897,4,10,359.047516,359.229301,3526,106
530236600,22.5801817532,113.9255251264,4,10,359.054443,358.810844,3609,-67
530236700,22.5801850008,113.9255251140,4,10,359.086914,359.535646,3608,-61
530236800,22.5801882375,113.9255252203,4,10,359.222656,359.837307,3594,0
530236900,22.5801914749,113.9255251772,4,10,359.348053,359.784904,3585,82
530237000,22.5801947706,113.9255251505,4,10,359.451843,359.250399,3589,-39
530237100,22.5801979928,113.9255252178,4,10,359.459930,359.715535,3647,-17
530237200,22.5802013092,113.9255252081,4,10,359.532471,0.239259,3563,71
530237300,22.5802046196,113.9255250873,4,10,359.849274,359.849273,3675,-21
530237400,22.5802078797,113.9255250899,4,10,359.784760,359.270870,3665,-123
530237500,22.5802112528,113.9255251649,4,10,359.645050,359.383239,3609,2
530237600,22.5802145450,113.9255251479,4,10,359.643707,0.187532,3734,83
530237700,22.5802178604,113.9255251718,4,9,359.416931,359.416940,3641,-12
530237800,22.5802211715,113.9255252479,4,9,359.371155,359.143654,3672,8
530237900,22.5802244231,113.9255251045,4,9,359.212677,358.390201,3666,70
530238000,22.5802277388,113.9255249991,4,10,359.137115,358.782645,3663,-78
530238100,22.5802311213,113.9255250372,4,10,358.902985,358.156393,3673,-98
530238200,22.5802345610,113.9255250631,4,10,358.614258,357.810739,3743,17
530238300,22.5802379696,113.9255249789,4,10,358.341003,357.350055,3809,32
530238400,22.5802412041,113.9255249237,4,10,358.256866,358.663725,3775,-103
530238500,22.5802445946,113.9255249712,4,10,358.190338,358.712284,3581,-47
530238600,22.5802479989,113.9255249501,4,10,358.239288,358.840352,3753,48
530238700,22.5802514450,113.9255248821,4,9,358.219543,358.175638,3769,-33
530238800,22.5802548480,113.9255248568,4,10,358.155090,358.306913,3815,-67
530238900,22.5802581924,113.9255249447,4,10,358.212860,359.068503,3768,-22
530239000,22.5802615549,113.9255248963,4,10,358.349335,358.456871,3700,76
530239100,22.5802650554,113.9255247813,4,10,358.266235,357.814934,3725,-38
530239200,22.5802684840,113.9255246809,4,9,358.163879,357.818206,3878,-133
530239300,22.5802718248,113.9255240673,4,9,358.110840,358.444462,3789,-119
530239400,22.5802752594,113.9255240720,4,10,358.170471,357.804701,3730,-12
530239500,22.5802786805,113.9255240008,4,10,358.030365,357.685271,3804,4
530239600,22.5802821547,113.9255238227,4,9,357.907318,357.452528,3793,-86
530239700,22.5802856380,113.9255237957,4,9,357.763184,358.539946,3838,-180
530239800,22.5802891261,113.9255238373,4,10,357.910126,357.938566,3859,-62
530239900,22.5802925162,113.9255237939,4,10,357.818298,357.880378,3868,52
530240000,22.5802959420,113.9255236560,4,9,357.851013,358.021219,3754,-34
530240100,22.5802993943,113.9255235845,4,9,357.819855,358.787541,3782,-137
530240200,22.5803028921,113.9255236366,4,9,357.944305,358.202021,3812,-45
530240300,22.5803063305,113.9255235558,4,9,357.930084,358.452913,3875,50
530240400,22.5803097285,113.9255235338,4,9,357.964722,358.358249,3807,-82
530240500,22.5803131843,113.9255235835,4,9,357.973511,358.821402,3763,-9
530240600,22.5803165455,113.9255235242,4,9,358.088867,358.175736,3826,38
530240700,22.5803200496,113.9255234133,4,9,358.124390,358.123649,3720,-71
530240800,22.5803235065,113.9255232928,4,9,358.152069,357.823004,3878,-116
530240900,22.5803269167,113.9255232539,4,9,358.100800,358.515272,3829,-133
530241000,22.5803303032,113.9255231583,4,9,358.203156,357.646781,3775,-25
530241100,22.5803336927,113.9255230448,4,9,358.095703,357.683775,3751,-114
530241200,22.5803372102,113.9255229311,4,9,358.173828,357.621260,3749,-125
530241300,22.5803406237,113.9255228898,4,9,358.125671,358.607890,3892,-129
530241400,22.5803441587,113.9255228544,4,9,358.346924,358.185477,3781,-52
530241500,22.5803475878,113.9255228707,4,9,358.416199,358.211925,3915,-29
530241600,22.5803509188,113.9255228736,4,9,358.469421,358.148143,3795,-1
530241700,22.5803543080,113.9255228917,4,9,358.480225,359.347189,3688,14
530241800,22.5803577443,113.9255228954,4,9,358.771515,358.906548,3756,8
530241900,22.5803611697,113.9255229122,4,9,358.831146,358.738285,3801,8
530242000,22.5803644816,113.9255229490,4,9,358.887207,358.812832,3802,42
530242100,22.5803678677,113.9255229650,4,9,358.869537,359.562198,3670,13
530242200,22.5803712291,113.9255229977,4,9,359.039368,359.254667,3749,22
530242300,22.5803746142,113.9255230755,4,9,359.101349,359.122959,3722,46
530242400,22.5803779761,113.9255231308,4,9,359.029755,359.068503,3748,91
530242500,22.5803812255,113.9255231493,4,9,359.090424,359.872985,3722,57
530242600,22.5803845731,113.9255231605,4,9,359.234711,359.423710,3599,11
530242700,22.5803878924,113.9255232580,4,9,359.335297,359.182241,3707,1
530242800,22.5803911282,113.9255232500,4,9,359.290710,359.059346,3672,95
530242900,22.5803944704,113.9255231717,4,10,359.326630,359.709468,3585,10
530243000,22.5803977097,113.9255232373,4,10,359.425354,359.614767,3701,-90
530243100,22.5804010032,113.9255232778,4,10,359.517517,359.378095,3588,52
530243200,22.5804043400,113.9255233028,4,10,359.394592,358.676902,3641,43
530243300,22.5804075564,113.9255233423,4,9,359.369202,359.712452,3694,25
530243400,22.5804108650,113.9255233915,4,10,0.338548,0.338548,3567,43
530243500,22.5804141026,113.9255234115,4,10,0.323858,0.078782,3663,41
530243600,22.5804173393,113.9255234212,4,9,359.452362,359.435426,3580,15
530243700,22.5804205959,113.9255235654,4,9,359.522858,359.849506,3583,19
530243800,22.5804238580,113.9255236234,4,9,1.038825,1.038825,3610,140
530243900,22.5804271379,113.9255234900,4,11,0.979083,0.539082,3614,80
530244000,22.5804303709,113.9255234449,4,10,0.914723,0.251267,3687,-29
530244100,22.5804336470,113.9255235882,4,10,359.979462,359.997166,3579,-46
530244200,22.5804368824,113.9255236884,4,10,0.146790,0.885047,3630,152
530244300,22.5804401175,113.9255236479,4,10,0.316417,0.475753,3585,81
530244400,22.5804433141,113.9255236560,4,10,0.408856,0.453413,3580,-43
530244500,22.5804465598,113.9255236669,4,10,359.749268,359.747489,3537,17
530244600,22.5804497827,113.9255237594,4,10,0.077425,0.349280,3594,6
530244700,22.5804530295,113.9255238473,4,11,0.212660,0.517648,3569,101
530244800,22.5804562435,113.9255239473,4,11,0.320945,0.627998,3596,80
530244900,22.5804593798,113.9255239737,4,10,0.263743,0.002360,3550,126
530245000,22.5804625812,113.9255240589,4,11,0.384776,0.858811,3470,5
530245100,22.5804657457,113.9255241817,4,11,0.483735,1.252057,3552,81
530245200,22.5804688956,113.9255242781,4,11,0.711629,1.121315,3506,114
530245300,22.5804719803,113.9255244214,4,11,0.751533,0.845780,3486,116
530245400,22.5804750472,113.9255244388,4,11,0.781698,0.760390,3415,139
530245500,22.5804781986,113.9255244710,4,11,0.756568,0.857855,3397,4
530245600,22.5804812478,113.9255245812,4,11,0.790017,0.967683,3484,41
530245700,22.5804843282,113.9255246609,4,11,0.827959,1.124762,3380,116
530245800,22.5804874335,113.9255247043,4,11,0.649469,0.216015,3412,105
530245900,22.5804904501,113.9255246805,4,11,0.551875,0.366527,3431,69
530246000,22.5804935092,113.9255247713,4,11,0.477945,0.264518,3345,-48
530246100,22.5804965191,113.9255248342,4,11,0.398999,0.407908,3385,90
530246200,22.5804994538,113.9255248683,4,10,0.347286,358.966648,3333,60
530246300,22.5805025969,113.9255248929,4,11,358.923553,359.400813,3246,34
530246400,22.5805056737,113.9255249946,4,11,359.004578,359.418129,3478,9
530246500,22.5805086944,113.9255249667,4,10,359.093201,359.680024,3406,97
530246600,22.5805116743,113.9255249872,4,11,359.248962,359.071384,3348,-27
530246700,22.5805145440,113.9255249633,4,10,359.191620,358.474374,3302,51
530246800,22.5805175085,113.9255250738,4,11,359.077362,359.162950,3181,-38
530246900,22.5805204895,113.9255249905,4,11,359.097015,359.106773,3275,106
530247000,22.5805234450,113.9255249000,4,11,359.169098,359.356286,3303,-101
530247100,22.5805263989,113.9255249236,4,11,359.181335,358.285056,3268,-85
530247200,22.5805292399,113.9255248624,4,11,358.996582,358.478296,3272,26
530247300,22.5805321622,113.9255249469,4,10,358.970917,359.139249,3140,-37
530247400,22.5805350884,113.9255249692,4,11,358.912018,358.751139,3232,84
530247500,22.5805379539,113.9255250065,4,11,358.857574,358.839960,3248,10
530247600,22.5805408786,113.9255248888,4,11,358.729553,357.710636,3174,44
530247700,22.5805437310,113.9255248022,4,10,358.548004,358.400079,3237,-162
530247800,22.5805465251,113.9255247841,4,11,358.558258,358.254508,3160,-99
530247900,22.5805493037,113.9255248818,4,11,358.496735,359.011625,3091,-20
530248000,22.5805519913,113.9255248815,4,11,358.587738,359.157000,3078,107
530248100,22.5805545999,113.9255248265,4,11,358.574402,358.149375,2978,-2
530248200,22.5805571723,113.9255247454,4,11,358.452484,359.138594,2886,-52
530248300,22.5805596696,113.9255246970,4,10,358.527985,358.203511,2848,-86
530248400,22.5805621217,113.9255246644,4,11,358.433838,358.228556,2768,-44
530248500,22.5805645064,113.9255245498,4,11,358.482147,359.225163,2709,-23
530248600,22.5805668481,113.9255245601,4,11,358.446228,357.887175,2643,-132
530248700,22.5805691363,113.9255244834,4,11,358.313629,358.254508,2596,14
530248800,22.5805713019,113.9255244368,4,11,358.337067,358.809894,2532,-85
530248900,22.5805734029,113.9255243539,4,11,358.373840,358.356506,2393,-74
530249000,22.5805754733,113.9255243653,4,11,358.376709,359.082430,2326,-56
530249100,22.5805773605,113.9255243199,4,11,358.523865,358.783822,2290,-16
530249200,22.5805791971,113.9255242007,4,11,358.586090,358.700543,2093,-37
530249300,22.5805809270,113.9255242097,4,11,358.677399,359.050208,2036,-103
530249400,22.5805824474,113.9255240515,4,11,358.732605,358.292937,1912,-14
530249500,22.5805840087,113.9255239911,4,11,358.677063,358.658502,1731,-148
530249600,22.5805853802,113.9255239842,4,11,358.746185,359.197668,1731,-50
530249700,22.5805866374,113.9255239706,4,11,358.734131,358.168607,1518,-27
530249800,22.5805878269,113.9255239576,4,11,358.491699,357.279580,1393,-30
530249900,22.5805888690,113.9255239349,4,10,358.277374,358.055246,1311,-18
530250000,22.5805897737,113.9255239238,4,11,358.257935,359.067520,1155,-16
530250100,22.5805905451,113.9255237970,4,11,358.480286,359.570473,1006,-28
530250200,22.5805911794,113.9255238116,4,11,358.679779,359.152119,856,-150
530250300,22.5805916952,113.9255238177,4,11,358.779022,358.922912,698,21
530250400,22.5805921089,113.9255238188,4,11,358.832184,358.922912,567,16
530250500,22.5805923968,113.9255238059,4,11,358.885925,358.905629,458,2
530250600,22.5805925624,113.9255237760,4,11,358.793396,357.851988,320,-26
530250700,22.5805926208,113.9255237443,4,11,358.387695,355.635711,183,-35
530250800,22.5805926357,113.9255237605,4,11,357.745270,355.213094,65,-34
530250900,22.5805926136,113.9255237611,4,11,357.058624,354.570960,13,10
530251000,22.5805925911,113.9255237735,4,11,356.245209,354.279336,-25,-2
530251100,22.5805925714,113.9255237905,4,11,355.617523,353.768023,-27,6
530251200,22.5805925826,113.9255237878,4,11,355.124573,353.548866,-11,9
530251300,22.5805925713,113.9255237661,4,11,354.450623,353.478028,12,-11
530251400,22.5805925758,113.9255237898,4,11,353.969635,353.043480,-13,-30
530251500,22.5805925679,113.9255237769,4,11,353.508087,352.966577,3,17
530251600,22.5805925629,113.9255237797,4,11,353.190369,352.954917,-9,-9
530251700,22.5805925564,113.9255237776,4,11,352.883392,353.111712,-6,1
530251800,22.5805925501,113.9255237766,4,11,352.701202,353.331311,-8,-9
530251900,22.5805925523,113.9255237544,4,11,352.626892,353.765094,-9,-2
530252000,22.5805925390,113.9255237617,4,11,352.644135,353.763723,1,-19
530252100,22.5805925375,113.9255237618,4,11,352.699707,353.980707,-13,1
530252200,22.5805925335,113.9255237728,4,11,352.827545,354.201757,-4,2
530252300,22.5805925342,113.9255237755,4,11,352.957977,353.840105,-5,6
530252400,22.5805925336,113.9255237609,4,11,353.008820,353.768996,0,3
530252500,22.5805925264,113.9255237658,4,11,353.060089,353.842850,-3,-17
530252600,22.5805925334,113.9255237702,4,11,353.104950,353.698253,-7,2
530252700,22.5805925240,113.9255237679,4,11,353.166138,353.842850,7,2
530252800,22.5805925263,113.9255237504,4,11,353.239960,353.776148,-12,-6
530252900,22.5805925263,113.9255237690,4,11,353.287842,353.848119,1,-14
530253000,22.5805925211,113.9255237557,4,11,353.374451,353.990963,1,20
530253100,22.5805925261,113.9255237598,4,11,353.477264,354.133043,-6,-19
530253200,22.5805925339,113.9255237612,4,11,353.596008,354.278315,5,1
530253300,22.5805925304,113.9255237572,4,11,353.712585,354.207029,7,7
530253400,22.5805925018,113.9255237981,4,11,353.807404,354.205280,-4,-10
530253500,22.5805925114,113.9255237865,4,11,353.901642,354.129062,-8,23
530253600,22.5805925038,113.9255237884,4,11,353.961792,354.275005,9,-16
530253700,22.5805925088,113.9255237996,4,11,354.057648,354.493691,-8,1
530253800,22.5805925097,113.9255237977,4,11,354.160858,354.421366,4,2
530253900,22.5805925040,113.9255238002,4,11,354.224945,354.206156,1,-11
530254000,22.5805924948,113.9255238094,4,11,354.242249,354.136852,-7,-2
530254100,22.5805925034,113.9255238066,4,11,354.258636,354.354138,-10,8
530254200,22.5805925089,113.9255238122,4,11,354.330170,354.571361,10,-7
530254300,22.5805925013,113.9255238192,4,11,354.370544,354.139821,5,1
530254400,22.5805925041,113.9255238246,4,11,354.338043,354.066108,-8,16
530254500,22.5805924996,113.9255238150,4,11,354.286163,353.992073,3,-13
530254600,22.5805924977,113.9255238319,4,11,354.255005,354.136039,-7,-9
530254700,22.5805924893,113.9255238291,4,11,354.250702,353.769190,0,16
530254800,22.5805924982,113.9255238316,4,11,354.139099,353.547026,-9,-5
530254900,22.5805925046,113.9255238353,4,11,354.003815,353.543796,9,-1
530255000,22.5805925017,113.9255238306,4,11,353.868408,353.401801,7,-4
530255100,22.5805924948,113.9255238327,4,11,353.784088,353.624224,-3,2
530255200,22.5805925011,113.9255238310,4,11,353.726593,353.692270,-7,-4
530255300,22.5805924969,113.9255238476,4,11,353.695862,353.695165,3,1
530255400,22.5805924614,113.9255237956,4,11,353.728973,354.131126,-4,15
530255500,22.5805924610,113.9255237950,4,11,353.813721,354.348323,-4,-15
530255600,22.5805924692,113.9255238120,4,11,353.925659,354.419442,-1,0
530255700,22.5805924632,113.9255238042,4,11,354.020203,354.275120,9,8
530255800,22.5805924678,113.9255238088,4,11,354.115143,354.492570,-7,-4
